date,open,high,low,close,volume
2022-03-24 00:00:00+05:30,40.0,42.0,40.0,42.0,70400
2022-03-25 00:00:00+05:30,44.1,44.1,44.1,44.1,6400
2022-03-28 00:00:00+05:30,46.3,46.3,46.3,46.3,4800
2022-03-29 00:00:00+05:30,48.6,48.6,47.0,47.3,1953600
2022-03-30 00:00:00+05:30,45.25,47.0,44.95,44.95,54400
2022-03-31 00:00:00+05:30,42.75,42.75,42.75,42.75,4800
2022-04-01 00:00:00+05:30,40.65,44.85,40.65,43.5,129600
2022-04-04 00:00:00+05:30,45.65,45.65,43.05,44.4,128000
2022-04-05 00:00:00+05:30,44.05,46.2,44.05,46.2,14400
2022-04-06 00:00:00+05:30,45.9,46.95,45.35,45.35,99200
2022-04-07 00:00:00+05:30,45.15,53.0,45.0,52.4,54400
2022-04-08 00:00:00+05:30,54.0,60.0,53.0,59.9,24000
2022-04-11 00:00:00+05:30,60.5,67.0,60.0,61.8,52800
2022-04-12 00:00:00+05:30,61.6,62.8,57.05,58.05,84800
2022-04-13 00:00:00+05:30,57.0,57.0,53.0,56.0,24000
2022-04-18 00:00:00+05:30,54.9,54.9,53.05,53.05,9600
2022-04-19 00:00:00+05:30,52.05,54.9,52.0,52.1,49600
2022-04-21 00:00:00+05:30,50.55,50.55,50.0,50.0,9600
2022-04-22 00:00:00+05:30,49.0,51.55,49.0,50.8,8000
2022-04-25 00:00:00+05:30,50.05,50.15,48.5,48.9,9600
2022-04-26 00:00:00+05:30,48.0,48.0,46.75,47.0,56000
2022-04-27 00:00:00+05:30,47.4,48.5,47.4,47.75,16000
2022-04-28 00:00:00+05:30,47.4,47.4,47.4,47.4,8000
2022-04-29 00:00:00+05:30,46.05,46.05,46.0,46.0,3200
2022-05-02 00:00:00+05:30,45.0,45.0,45.0,45.0,1600
2022-05-04 00:00:00+05:30,44.0,44.0,43.0,43.8,19200
2022-05-05 00:00:00+05:30,43.0,43.5,43.0,43.1,17600
2022-05-06 00:00:00+05:30,42.5,42.5,41.0,41.0,16000
2022-05-09 00:00:00+05:30,43.0,48.0,43.0,47.35,57600
2022-05-10 00:00:00+05:30,46.0,53.0,46.0,53.0,49600
2022-05-11 00:00:00+05:30,51.5,57.0,47.0,52.5,62400
2022-05-12 00:00:00+05:30,52.0,57.0,51.95,56.4,56000
2022-05-13 00:00:00+05:30,55.5,56.0,52.0,56.0,54400
2022-05-16 00:00:00+05:30,52.0,54.0,48.0,54.0,64000
2022-05-17 00:00:00+05:30,52.0,53.5,49.85,53.5,80000
2022-05-18 00:00:00+05:30,52.0,53.5,52.0,53.45,120000
2022-05-19 00:00:00+05:30,50.55,52.45,50.25,52.4,40000
2022-05-20 00:00:00+05:30,53.5,54.95,51.0,51.0,51200
2022-05-23 00:00:00+05:30,51.5,54.9,51.25,51.25,54400
2022-05-24 00:00:00+05:30,51.5,53.0,49.0,53.0,57600
2022-05-25 00:00:00+05:30,53.25,53.25,50.25,52.85,72000
2022-05-26 00:00:00+05:30,51.9,51.9,51.9,51.9,48000
2022-05-27 00:00:00+05:30,52.0,52.0,52.0,52.0,48000
2022-05-30 00:00:00+05:30,53.4,53.4,53.4,53.4,48000
2022-05-31 00:00:00+05:30,51.0,51.0,51.0,51.0,48000
2022-06-01 00:00:00+05:30,51.5,51.5,51.5,51.5,48000
2022-06-02 00:00:00+05:30,50.25,50.25,50.25,50.25,1600
2022-06-08 00:00:00+05:30,51.25,51.25,51.05,51.05,8000
2022-06-09 00:00:00+05:30,49.0,49.45,49.0,49.45,11200
2022-06-10 00:00:00+05:30,49.55,49.55,49.55,49.55,6400
2022-06-13 00:00:00+05:30,47.5,47.5,47.0,47.4,9600
2022-06-14 00:00:00+05:30,45.5,51.0,44.1,48.25,27200
2022-06-15 00:00:00+05:30,47.95,50.0,45.55,49.5,49600
2022-06-16 00:00:00+05:30,49.5,50.1,45.0,46.0,88000
2022-06-17 00:00:00+05:30,46.95,46.95,44.15,45.75,43200
2022-06-20 00:00:00+05:30,46.5,48.3,45.5,45.5,51200
2022-06-21 00:00:00+05:30,47.0,48.15,46.05,47.55,104000
2022-06-22 00:00:00+05:30,47.5,48.0,45.0,45.0,60800
2022-06-23 00:00:00+05:30,45.1,45.35,44.75,44.9,25600
2022-06-24 00:00:00+05:30,45.0,48.5,43.0,43.25,59200
2022-06-27 00:00:00+05:30,43.35,45.0,43.0,44.9,46400
2022-06-28 00:00:00+05:30,44.5,45.2,44.5,45.2,46400
2022-06-29 00:00:00+05:30,46.0,46.0,44.75,45.5,32000
2022-06-30 00:00:00+05:30,45.25,45.25,45.25,45.25,4800
2022-07-01 00:00:00+05:30,46.0,46.0,46.0,46.0,16000
2022-07-04 00:00:00+05:30,43.0,43.75,43.0,43.75,6400
2022-07-05 00:00:00+05:30,42.35,42.35,42.25,42.25,3200
2022-07-06 00:00:00+05:30,43.95,43.95,43.95,43.95,1600
2022-07-07 00:00:00+05:30,44.0,44.75,44.0,44.75,17600
2022-07-08 00:00:00+05:30,44.75,44.75,44.5,44.5,20800
2022-07-11 00:00:00+05:30,44.95,44.95,44.5,44.5,12800
2022-07-12 00:00:00+05:30,42.1,42.1,42.0,42.0,4800
2022-07-13 00:00:00+05:30,42.8,42.8,42.8,42.8,8000
2022-07-14 00:00:00+05:30,42.0,42.0,40.0,40.0,3200
2022-07-15 00:00:00+05:30,41.0,44.75,41.0,44.3,12800
2022-07-18 00:00:00+05:30,44.5,44.5,42.0,42.0,8000
2022-07-19 00:00:00+05:30,40.0,40.0,40.0,40.0,1600
2022-07-20 00:00:00+05:30,39.25,39.4,39.25,39.4,3200
2022-07-22 00:00:00+05:30,39.15,39.2,39.15,39.2,3200
2022-07-27 00:00:00+05:30,40.0,41.0,40.0,41.0,3200
2022-08-01 00:00:00+05:30,40.0,40.0,40.0,40.0,1600
2022-08-11 00:00:00+05:30,40.05,40.05,40.05,40.05,1600
2022-08-12 00:00:00+05:30,40.05,41.5,40.05,40.9,8000
2022-08-17 00:00:00+05:30,40.0,41.0,40.0,40.5,62400
2022-08-19 00:00:00+05:30,41.0,41.1,41.0,41.1,4800
2022-08-22 00:00:00+05:30,41.0,41.0,40.4,40.6,4800
2022-08-24 00:00:00+05:30,41.0,41.3,41.0,41.3,6400
2022-08-26 00:00:00+05:30,41.45,41.45,39.05,41.0,8000
2022-08-29 00:00:00+05:30,39.0,39.5,39.0,39.5,3200
2022-08-30 00:00:00+05:30,40.5,40.5,40.0,40.0,4800
2022-09-01 00:00:00+05:30,41.5,42.35,41.5,42.35,3200
2022-09-02 00:00:00+05:30,43.0,50.8,43.0,50.8,56000
2022-09-05 00:00:00+05:30,52.0,52.0,45.0,48.05,11200
2022-09-06 00:00:00+05:30,47.0,47.0,45.5,45.5,4800
2022-09-07 00:00:00+05:30,44.5,45.75,44.5,45.75,4800
2022-09-08 00:00:00+05:30,45.0,45.0,45.0,45.0,3200
2022-09-09 00:00:00+05:30,46.0,50.5,45.5,46.0,43200
2022-09-12 00:00:00+05:30,47.0,49.0,46.5,49.0,6400
2022-09-13 00:00:00+05:30,48.0,48.75,48.0,48.75,3200
2022-09-14 00:00:00+05:30,44.2,44.2,41.1,41.25,59200
2022-09-15 00:00:00+05:30,42.0,48.0,42.0,45.0,76800
2022-09-16 00:00:00+05:30,46.3,50.0,45.9,49.9,83200
2022-09-19 00:00:00+05:30,53.9,56.0,52.0,56.0,36800
2022-09-20 00:00:00+05:30,57.5,67.2,53.0,57.85,137600
2022-09-21 00:00:00+05:30,59.9,59.9,46.5,48.45,112000
2022-09-22 00:00:00+05:30,47.0,48.0,44.0,48.0,17600
2022-09-23 00:00:00+05:30,46.05,48.5,46.05,48.5,3200
2022-09-26 00:00:00+05:30,48.0,48.0,39.1,44.45,718400
2022-09-27 00:00:00+05:30,45.0,45.75,43.6,45.75,11200
2022-09-28 00:00:00+05:30,45.0,46.95,44.0,45.05,16000
2022-09-29 00:00:00+05:30,47.0,47.0,45.0,45.05,6400
2022-09-30 00:00:00+05:30,45.0,45.0,43.0,43.65,11200
2022-10-03 00:00:00+05:30,45.5,51.5,45.5,49.1,36800
2022-10-04 00:00:00+05:30,49.9,52.5,49.15,52.5,22400
2022-10-06 00:00:00+05:30,51.0,58.85,49.05,54.0,28800
2022-10-07 00:00:00+05:30,52.0,62.0,52.0,60.3,28800
2022-10-10 00:00:00+05:30,61.5,71.0,61.5,70.4,70400
2022-10-11 00:00:00+05:30,74.0,77.4,73.05,77.4,104000
2022-10-12 00:00:00+05:30,83.8,85.1,70.0,74.0,92800
2022-10-13 00:00:00+05:30,76.45,76.45,66.6,66.85,65600
2022-10-14 00:00:00+05:30,64.0,64.75,60.2,60.2,72000
2022-10-17 00:00:00+05:30,56.15,58.5,54.2,55.75,40000
2022-10-18 00:00:00+05:30,55.75,55.75,53.0,53.0,49600
2022-10-19 00:00:00+05:30,50.65,50.8,50.35,50.35,52800
2022-10-20 00:00:00+05:30,47.85,48.75,47.85,47.85,54400
2022-10-21 00:00:00+05:30,45.5,50.2,45.5,49.1,150400
2022-10-24 00:00:00+05:30,48.5,51.45,48.5,51.0,24000
2022-10-25 00:00:00+05:30,52.9,53.55,48.55,48.75,68800
2022-10-27 00:00:00+05:30,47.2,49.25,47.2,48.3,20800
2022-10-28 00:00:00+05:30,48.0,49.9,47.0,47.0,14400
2022-10-31 00:00:00+05:30,48.0,49.2,48.0,48.15,12800
2022-11-01 00:00:00+05:30,49.25,49.25,46.8,46.9,25600
2022-11-02 00:00:00+05:30,47.45,47.5,46.0,47.3,19200
2022-11-03 00:00:00+05:30,48.45,48.45,47.55,48.35,8000
2022-11-04 00:00:00+05:30,48.45,48.6,48.45,48.6,6400
2022-11-07 00:00:00+05:30,48.9,48.9,47.25,47.85,12800
2022-11-09 00:00:00+05:30,46.3,46.85,45.65,46.15,22400
2022-11-10 00:00:00+05:30,45.6,46.5,44.55,45.05,62400
2022-11-11 00:00:00+05:30,45.5,46.2,44.3,44.4,70400
2022-11-14 00:00:00+05:30,46.6,46.6,42.95,45.05,417600
2022-11-15 00:00:00+05:30,46.0,47.3,45.5,47.0,25600
2022-11-16 00:00:00+05:30,47.0,47.4,45.7,46.25,20800
2022-11-17 00:00:00+05:30,45.5,46.5,45.5,45.65,19200
2022-11-18 00:00:00+05:30,44.8,45.25,44.8,45.0,4800
2022-11-21 00:00:00+05:30,46.25,46.4,44.5,45.05,14400
2022-11-22 00:00:00+05:30,44.6,46.2,44.6,45.6,17600
2022-11-23 00:00:00+05:30,46.0,46.0,44.35,44.6,54400
2022-11-24 00:00:00+05:30,44.3,45.5,43.55,43.8,56000
2022-11-25 00:00:00+05:30,44.0,44.6,42.95,43.2,46400
2022-11-28 00:00:00+05:30,43.25,44.75,43.2,44.05,14400
2022-11-29 00:00:00+05:30,43.95,45.0,42.25,44.7,219200
2022-11-30 00:00:00+05:30,44.5,44.5,43.2,43.4,8000
2022-12-01 00:00:00+05:30,44.1,44.1,43.05,43.75,8000
2022-12-02 00:00:00+05:30,44.1,44.9,43.75,44.5,9600
2022-12-05 00:00:00+05:30,45.65,46.35,45.5,45.95,11200
2022-12-06 00:00:00+05:30,45.5,45.5,44.1,44.75,179200
2022-12-07 00:00:00+05:30,44.75,44.75,44.5,44.5,4800
2022-12-08 00:00:00+05:30,44.0,44.75,44.0,44.0,12800
2022-12-09 00:00:00+05:30,44.9,44.9,44.0,44.0,4800
2022-12-12 00:00:00+05:30,43.1,44.65,43.1,44.0,142400
2022-12-13 00:00:00+05:30,44.5,44.5,44.0,44.25,35200
2022-12-14 00:00:00+05:30,43.4,44.25,43.4,43.6,8000
2022-12-15 00:00:00+05:30,43.4,43.6,43.4,43.55,16000
2022-12-16 00:00:00+05:30,43.75,44.0,41.75,42.4,104000
2022-12-19 00:00:00+05:30,43.25,43.55,42.4,42.55,72000
2022-12-20 00:00:00+05:30,42.25,42.5,42.25,42.5,3200
2022-12-21 00:00:00+05:30,42.35,42.35,42.0,42.1,12800
2022-12-22 00:00:00+05:30,41.0,43.0,41.0,41.35,12800
2022-12-23 00:00:00+05:30,41.0,41.0,39.5,39.5,22400
2022-12-26 00:00:00+05:30,40.0,41.45,40.0,41.45,6400
2022-12-27 00:00:00+05:30,43.25,43.5,43.25,43.5,9600
2022-12-28 00:00:00+05:30,44.9,44.95,43.4,43.4,9600
2022-12-29 00:00:00+05:30,45.55,45.55,45.55,45.55,32000
2022-12-30 00:00:00+05:30,45.25,46.3,43.55,45.55,40000
2023-01-02 00:00:00+05:30,45.0,45.0,43.3,43.55,40000
2023-01-03 00:00:00+05:30,43.0,43.25,41.75,41.75,4800
2023-01-04 00:00:00+05:30,42.0,43.0,41.3,42.05,9600
2023-01-05 00:00:00+05:30,42.45,42.45,42.45,42.45,1600
2023-01-06 00:00:00+05:30,42.0,42.0,40.85,40.9,30400
2023-01-09 00:00:00+05:30,42.45,42.9,42.45,42.9,25600
2023-01-10 00:00:00+05:30,42.9,42.9,40.9,41.25,49600
2023-01-11 00:00:00+05:30,41.05,41.05,40.9,41.0,4800
2023-01-12 00:00:00+05:30,42.0,42.85,40.95,41.05,20800
2023-01-13 00:00:00+05:30,42.25,42.45,42.25,42.4,4800
2023-01-16 00:00:00+05:30,42.0,42.0,42.0,42.0,1600
2023-01-17 00:00:00+05:30,42.45,42.5,42.45,42.5,4800
2023-01-19 00:00:00+05:30,41.2,42.45,41.2,42.3,8000
2023-01-20 00:00:00+05:30,42.75,42.8,42.7,42.8,8000
2023-01-23 00:00:00+05:30,41.7,41.7,41.7,41.7,1600
2023-01-24 00:00:00+05:30,41.0,41.4,41.0,41.4,3200
2023-01-27 00:00:00+05:30,40.9,42.2,40.9,42.2,3200
2023-01-30 00:00:00+05:30,40.15,41.7,40.1,40.5,20800
2023-01-31 00:00:00+05:30,39.75,39.75,39.75,39.75,1600
2023-02-01 00:00:00+05:30,40.25,40.25,39.8,39.8,3200
2023-02-03 00:00:00+05:30,40.0,40.3,39.55,40.3,12800
2023-02-06 00:00:00+05:30,40.95,41.0,40.9,41.0,6400
2023-02-08 00:00:00+05:30,40.0,40.0,39.45,39.45,3200
2023-02-09 00:00:00+05:30,40.5,40.5,40.5,40.5,1600
2023-02-10 00:00:00+05:30,39.6,40.5,39.5,40.5,4800
2023-02-13 00:00:00+05:30,39.35,40.1,39.35,40.1,6400
2023-02-14 00:00:00+05:30,39.5,40.25,39.5,40.25,3200
2023-02-15 00:00:00+05:30,39.1,40.7,39.1,39.25,9600
2023-02-16 00:00:00+05:30,39.25,39.95,39.0,39.0,6400
2023-02-17 00:00:00+05:30,39.05,39.05,39.0,39.0,43200
2023-02-21 00:00:00+05:30,38.9,38.9,38.0,38.55,9600
2023-02-22 00:00:00+05:30,38.5,38.75,36.0,38.75,16000
2023-02-23 00:00:00+05:30,37.0,38.0,37.0,37.1,19200
2023-02-24 00:00:00+05:30,37.25,38.0,37.25,38.0,3200
2023-02-27 00:00:00+05:30,38.4,38.55,38.4,38.5,3200
2023-02-28 00:00:00+05:30,39.0,39.5,38.25,39.5,4800
2023-03-01 00:00:00+05:30,39.6,41.02,39.15,41.02,129600
2023-03-02 00:00:00+05:30,41.03,41.7,40.5,41.63,150400
2023-03-03 00:00:00+05:30,42.0,43.55,41.3,43.49,147200
2023-03-06 00:00:00+05:30,43.5,45.25,42.0,45.25,139200
2023-03-09 00:00:00+05:30,44.08,47.1,44.0,46.95,148800
2023-03-10 00:00:00+05:30,47.0,48.7,46.0,48.32,160000
2023-03-13 00:00:00+05:30,47.0,52.3,47.0,50.89,184000
2023-03-14 00:00:00+05:30,54.0,54.0,48.1,52.0,144000
2023-03-15 00:00:00+05:30,51.0,51.0,48.0,48.52,12800
2023-03-16 00:00:00+05:30,47.0,49.75,45.37,49.75,56000
2023-03-17 00:00:00+05:30,48.1,52.42,48.1,50.0,84800
2023-03-20 00:00:00+05:30,49.1,53.0,49.02,52.38,160000
2023-03-21 00:00:00+05:30,52.62,52.62,50.0,51.0,64000
2023-03-22 00:00:00+05:30,52.15,52.15,51.4,51.8,139200
2023-03-23 00:00:00+05:30,51.5,51.98,50.62,51.55,145600
2023-03-24 00:00:00+05:30,50.3,52.95,46.4,46.4,211200
2023-03-28 00:00:00+05:30,46.4,46.4,45.5,45.5,112000
2023-03-29 00:00:00+05:30,45.5,45.5,42.0,43.25,118400
2023-03-31 00:00:00+05:30,42.9,42.9,42.55,42.55,24000
2023-04-03 00:00:00+05:30,43.0,43.5,42.6,42.6,440000
2023-04-05 00:00:00+05:30,44.5,46.0,44.5,45.96,14400
2023-04-06 00:00:00+05:30,45.05,45.15,45.05,45.15,11200
2023-04-10 00:00:00+05:30,45.15,45.15,45.15,45.15,1600
2023-04-11 00:00:00+05:30,44.2,44.2,44.0,44.05,4800
2023-04-12 00:00:00+05:30,43.0,44.0,43.0,44.0,38400
2023-04-17 00:00:00+05:30,44.75,44.75,44.0,44.0,3200
2023-04-18 00:00:00+05:30,45.88,45.88,45.25,45.25,3200
2023-04-24 00:00:00+05:30,43.0,43.0,40.5,41.1,14400
2023-04-25 00:00:00+05:30,43.0,44.5,42.5,42.65,12800
2023-04-27 00:00:00+05:30,44.64,44.65,44.64,44.65,3200
2023-04-28 00:00:00+05:30,45.0,47.0,45.0,46.0,14400
2023-05-02 00:00:00+05:30,47.0,47.0,46.0,46.0,3200
2023-05-03 00:00:00+05:30,46.0,46.0,46.0,46.0,1600
2023-05-04 00:00:00+05:30,45.9,45.9,45.9,45.9,1600
2023-05-05 00:00:00+05:30,45.9,45.9,45.9,45.9,1600
2023-05-08 00:00:00+05:30,45.99,45.99,43.51,44.46,190400
2023-05-09 00:00:00+05:30,43.01,44.5,43.01,43.5,113600
2023-05-10 00:00:00+05:30,44.0,45.0,44.0,45.0,115200
2023-05-11 00:00:00+05:30,45.0,47.0,45.0,46.0,113600
2023-05-12 00:00:00+05:30,47.95,49.0,44.6,45.0,161600
2023-05-15 00:00:00+05:30,44.02,44.02,44.02,44.02,20800
2023-05-16 00:00:00+05:30,44.02,46.5,44.02,46.5,6400
2023-05-17 00:00:00+05:30,46.0,46.0,45.0,45.0,56000
2023-05-18 00:00:00+05:30,46.0,46.0,45.0,45.0,59200
2023-05-19 00:00:00+05:30,45.0,45.0,44.5,44.5,30400
2023-05-22 00:00:00+05:30,53.4,53.4,53.4,53.4,30400
2023-05-23 00:00:00+05:30,60.0,63.0,56.82,59.18,64000
2023-05-24 00:00:00+05:30,60.4,60.5,54.0,57.0,16000
2023-05-25 00:00:00+05:30,57.0,57.0,53.0,54.45,27200
2023-05-26 00:00:00+05:30,53.0,54.89,50.04,50.04,20800
2023-05-29 00:00:00+05:30,51.5,57.7,51.5,52.5,64000
2023-05-30 00:00:00+05:30,54.5,57.8,53.0,53.0,44800
2023-05-31 00:00:00+05:30,53.0,55.0,52.9,55.0,27200
2023-06-01 00:00:00+05:30,54.89,54.89,53.5,54.0,20800
2023-06-02 00:00:00+05:30,54.0,54.49,52.5,53.21,49600
2023-06-05 00:00:00+05:30,53.0,53.0,51.0,52.0,112000
2023-06-06 00:00:00+05:30,50.0,52.0,50.0,52.0,19200
2023-06-07 00:00:00+05:30,52.0,58.4,51.05,53.0,44800
2023-06-08 00:00:00+05:30,53.0,53.0,50.01,51.61,27200
2023-06-09 00:00:00+05:30,52.0,52.0,49.0,49.0,35200
2023-06-12 00:00:00+05:30,47.5,50.25,47.5,48.38,150400
2023-06-13 00:00:00+05:30,50.0,50.0,49.0,49.7,68800
2023-06-14 00:00:00+05:30,49.0,49.42,48.5,49.42,6400
2023-06-15 00:00:00+05:30,49.43,49.47,49.43,49.47,3200
2023-06-16 00:00:00+05:30,48.01,49.5,48.01,48.5,11200
2023-06-19 00:00:00+05:30,49.88,49.88,49.88,49.88,1600
2023-06-20 00:00:00+05:30,48.16,48.8,46.0,48.75,12800
2023-06-21 00:00:00+05:30,46.51,48.49,46.35,48.28,12800
2023-06-22 00:00:00+05:30,48.28,48.28,46.12,47.5,8000
2023-06-23 00:00:00+05:30,46.0,47.0,46.0,46.0,6400
2023-06-26 00:00:00+05:30,47.5,47.5,47.15,47.15,3200
2023-06-27 00:00:00+05:30,48.0,48.0,46.06,46.16,36800
2023-06-28 00:00:00+05:30,47.77,47.77,45.5,46.07,8000
2023-07-03 00:00:00+05:30,47.98,48.0,46.16,46.5,22400
2023-07-04 00:00:00+05:30,47.0,47.5,47.0,47.5,64000
2023-07-05 00:00:00+05:30,47.4,47.4,47.4,47.4,1600
2023-07-06 00:00:00+05:30,47.5,47.5,45.45,45.5,14400
2023-07-07 00:00:00+05:30,46.49,46.5,45.0,45.5,51200
2023-07-10 00:00:00+05:30,46.49,46.49,43.5,44.0,12800
2023-07-11 00:00:00+05:30,44.0,44.0,42.9,42.95,48000
2023-07-12 00:00:00+05:30,41.9,43.0,41.9,43.0,49600
2023-07-13 00:00:00+05:30,43.5,43.5,43.49,43.5,12800
2023-07-14 00:00:00+05:30,43.5,43.5,42.01,43.0,52800
2023-07-17 00:00:00+05:30,44.5,44.5,43.0,43.0,36800
2023-07-18 00:00:00+05:30,43.0,43.0,43.0,43.0,19200
2023-07-19 00:00:00+05:30,43.95,43.95,43.0,43.0,4800
2023-07-20 00:00:00+05:30,43.0,43.0,43.0,43.0,1600
2023-07-21 00:00:00+05:30,43.95,46.0,43.5,46.0,28800
2023-07-24 00:00:00+05:30,45.0,45.0,43.5,44.09,52800
2023-07-25 00:00:00+05:30,45.5,46.4,44.84,44.97,16000
2023-07-26 00:00:00+05:30,45.5,45.95,44.5,44.75,35200
2023-07-27 00:00:00+05:30,44.0,44.98,43.61,44.91,6400
2023-07-28 00:00:00+05:30,44.0,45.98,44.0,45.82,6400
2023-07-31 00:00:00+05:30,46.4,46.4,44.05,45.0,17600
2023-08-01 00:00:00+05:30,44.04,46.5,44.04,46.04,70400
2023-08-02 00:00:00+05:30,46.0,46.05,44.13,44.13,28800
2023-08-03 00:00:00+05:30,45.5,46.49,44.51,45.9,11200
2023-08-04 00:00:00+05:30,46.0,46.4,44.6,44.63,60800
2023-08-07 00:00:00+05:30,46.0,46.0,43.0,43.77,44800
2023-08-08 00:00:00+05:30,44.5,45.0,43.99,43.99,19200
2023-08-09 00:00:00+05:30,44.95,44.95,42.99,43.2,36800
2023-08-10 00:00:00+05:30,44.5,47.2,44.0,46.0,142400
2023-08-11 00:00:00+05:30,48.49,49.9,48.0,48.6,24000
2023-08-14 00:00:00+05:30,47.7,48.0,47.0,47.75,11200
2023-08-16 00:00:00+05:30,48.5,50.0,47.4,47.5,24000
2023-08-17 00:00:00+05:30,47.5,47.5,47.0,47.0,3200
2023-08-18 00:00:00+05:30,46.0,47.5,46.0,46.18,9600
2023-08-21 00:00:00+05:30,48.0,48.0,47.5,47.5,4800
2023-08-22 00:00:00+05:30,47.5,47.5,46.0,46.8,6400
2023-08-23 00:00:00+05:30,46.0,46.0,45.0,45.0,4800
2023-08-24 00:00:00+05:30,44.5,47.75,44.5,47.75,12800
2023-08-25 00:00:00+05:30,47.74,54.0,47.74,52.75,72000
2023-08-28 00:00:00+05:30,55.0,57.5,52.9,55.99,80000
2023-08-29 00:00:00+05:30,58.99,58.99,56.5,56.81,40000
2023-08-30 00:00:00+05:30,56.99,56.99,55.0,55.0,8000
2023-08-31 00:00:00+05:30,53.5,54.44,51.16,54.0,28800
2023-09-01 00:00:00+05:30,54.0,55.0,54.0,54.06,17600
2023-09-04 00:00:00+05:30,56.0,57.0,54.99,56.0,33600
2023-09-05 00:00:00+05:30,57.0,58.5,57.0,58.5,48000
2023-09-06 00:00:00+05:30,58.5,59.24,58.0,58.97,17600
2023-09-07 00:00:00+05:30,57.0,58.01,57.0,58.0,14400
2023-09-08 00:00:00+05:30,57.0,58.0,57.0,57.67,6400
2023-09-11 00:00:00+05:30,56.0,56.69,54.75,54.79,12800
2023-09-12 00:00:00+05:30,56.0,56.0,53.9,54.0,20800
2023-09-13 00:00:00+05:30,54.0,55.0,53.07,53.07,6400
2023-09-14 00:00:00+05:30,53.13,53.13,53.13,53.13,1600
2023-09-15 00:00:00+05:30,53.55,53.55,49.4,51.09,153600
2023-09-18 00:00:00+05:30,50.0,53.49,50.0,51.36,36800
2023-09-20 00:00:00+05:30,53.39,58.1,53.39,57.35,131200
2023-09-21 00:00:00+05:30,59.0,59.0,56.8,56.84,12800
2023-09-22 00:00:00+05:30,56.0,63.0,56.0,58.0,163200
2023-09-25 00:00:00+05:30,56.0,58.5,56.0,56.03,84800
2023-09-26 00:00:00+05:30,56.0,56.0,55.55,55.78,3200
2023-09-27 00:00:00+05:30,56.99,56.99,56.99,56.99,12800
2023-09-29 00:00:00+05:30,55.0,55.99,52.82,53.6,8000
2023-10-03 00:00:00+05:30,53.0,53.0,53.0,53.0,1600
2023-10-04 00:00:00+05:30,52.0,52.0,52.0,52.0,1600
2023-10-06 00:00:00+05:30,54.5,54.5,53.0,53.0,3200
2023-10-09 00:00:00+05:30,51.01,52.0,51.01,51.99,6400
2023-10-11 00:00:00+05:30,50.0,53.5,50.0,53.5,4800
2023-10-12 00:00:00+05:30,53.5,54.0,53.5,54.0,4800
2023-10-13 00:00:00+05:30,52.15,52.15,52.1,52.1,4800
2023-10-16 00:00:00+05:30,52.1,53.54,52.1,53.1,20800
2023-10-17 00:00:00+05:30,54.5,55.0,54.1,54.1,59200
2023-10-18 00:00:00+05:30,55.78,55.78,54.5,54.5,9600
2023-10-19 00:00:00+05:30,53.0,53.0,53.0,53.0,3200
2023-10-20 00:00:00+05:30,53.6,54.45,53.55,54.45,19200
2023-10-23 00:00:00+05:30,52.0,52.0,50.0,50.0,3200
2023-10-25 00:00:00+05:30,50.0,50.0,50.0,50.0,4800
2023-10-26 00:00:00+05:30,50.0,50.0,50.0,50.0,6400
2023-10-27 00:00:00+05:30,51.5,51.5,50.0,50.0,14400
2023-10-30 00:00:00+05:30,49.0,49.0,49.0,49.0,1600
2023-10-31 00:00:00+05:30,50.5,52.5,50.5,52.5,4800
2023-11-01 00:00:00+05:30,53.5,54.0,52.0,53.81,24000
2023-11-02 00:00:00+05:30,52.02,54.5,52.0,54.33,17600
2023-11-03 00:00:00+05:30,52.77,53.49,49.99,52.69,232000
2023-11-06 00:00:00+05:30,53.0,55.0,52.5,54.63,243200
2023-11-07 00:00:00+05:30,55.0,55.8,53.29,55.09,192000
2023-11-08 00:00:00+05:30,53.5,53.5,50.86,53.05,209600
2023-11-09 00:00:00+05:30,53.5,55.0,52.22,54.13,22400
2023-11-10 00:00:00+05:30,56.0,56.5,54.0,55.99,19200
2023-11-13 00:00:00+05:30,52.51,55.99,52.51,55.99,3200
2023-11-20 00:00:00+05:30,55.0,55.0,53.0,53.0,4800
2023-11-21 00:00:00+05:30,53.0,54.5,53.0,54.5,64000
2023-11-22 00:00:00+05:30,55.7,55.7,55.7,55.7,1600
2023-11-23 00:00:00+05:30,54.0,54.0,53.01,53.5,4800
2023-11-24 00:00:00+05:30,54.49,54.5,54.0,54.3,30400
2023-11-29 00:00:00+05:30,56.74,57.0,53.4,55.24,27200
2023-11-30 00:00:00+05:30,55.24,55.24,55.24,55.24,1600
2023-12-04 00:00:00+05:30,53.01,54.55,52.05,54.55,8000
2023-12-05 00:00:00+05:30,53.0,53.0,52.6,53.0,11200
2023-12-06 00:00:00+05:30,53.0,53.66,53.0,53.66,3200
2023-12-07 00:00:00+05:30,52.18,52.3,52.18,52.3,4800
2023-12-08 00:00:00+05:30,52.7,54.5,52.7,54.5,16000
2023-12-11 00:00:00+05:30,52.75,56.19,52.75,54.5,4800
2023-12-12 00:00:00+05:30,53.3,53.3,53.3,53.3,1600
2023-12-13 00:00:00+05:30,54.0,54.5,53.52,53.52,9600
2023-12-14 00:00:00+05:30,55.5,55.5,55.5,55.5,1600
2023-12-15 00:00:00+05:30,54.1,55.0,54.1,55.0,3200
2023-12-18 00:00:00+05:30,54.5,54.5,53.0,53.25,8000
2023-12-19 00:00:00+05:30,53.0,56.4,53.0,56.15,11200
2023-12-20 00:00:00+05:30,56.15,56.85,54.0,56.24,115200
2023-12-21 00:00:00+05:30,55.95,56.23,55.62,55.79,12800
2023-12-22 00:00:00+05:30,53.1,57.0,52.15,54.27,68800
2023-12-26 00:00:00+05:30,53.4,56.49,53.4,54.05,48000
2023-12-27 00:00:00+05:30,54.21,54.21,54.21,54.21,1600
2023-12-28 00:00:00+05:30,53.81,55.67,53.81,54.81,4800
2024-01-01 00:00:00+05:30,53.0,54.5,52.41,54.5,11200
2024-01-03 00:00:00+05:30,55.0,56.4,54.95,55.27,224000
2024-01-04 00:00:00+05:30,55.0,56.0,55.0,56.0,17600
2024-01-05 00:00:00+05:30,55.0,56.0,53.25,55.0,25600
2024-01-08 00:00:00+05:30,56.0,57.0,54.0,54.0,9600
2024-01-09 00:00:00+05:30,54.3,54.3,54.3,54.3,1600
2024-01-10 00:00:00+05:30,54.5,55.88,53.55,54.99,62400
2024-01-11 00:00:00+05:30,54.05,56.29,53.1,56.29,36800
2024-01-12 00:00:00+05:30,55.99,56.4,54.0,54.0,20800
2024-01-15 00:00:00+05:30,54.13,54.5,54.13,54.5,3200
2024-01-16 00:00:00+05:30,54.0,55.18,54.0,55.0,14400
2024-01-17 00:00:00+05:30,54.0,54.0,54.0,54.0,1600
2024-01-18 00:00:00+05:30,54.0,55.5,53.35,55.0,75200
2024-01-19 00:00:00+05:30,55.0,58.0,55.0,56.12,65600
2024-01-20 00:00:00+05:30,56.0,57.5,55.0,56.55,142400
2024-01-23 00:00:00+05:30,56.05,57.0,56.01,56.01,9600
2024-01-24 00:00:00+05:30,56.5,59.0,55.5,57.31,91200
2024-01-25 00:00:00+05:30,57.32,58.45,56.6,56.75,57600
2024-01-29 00:00:00+05:30,57.0,57.0,56.25,56.47,11200
2024-01-30 00:00:00+05:30,56.0,57.0,54.0,55.0,27200
2024-01-31 00:00:00+05:30,56.0,56.49,54.6,56.49,30400
2024-02-01 00:00:00+05:30,55.15,55.15,55.15,55.15,1600
2024-02-02 00:00:00+05:30,56.0,56.0,55.1,55.1,3200
2024-02-05 00:00:00+05:30,57.5,57.5,56.0,56.0,8000
2024-02-06 00:00:00+05:30,55.0,58.45,55.0,55.03,4800
2024-02-07 00:00:00+05:30,55.03,55.04,54.1,54.18,8000
2024-02-08 00:00:00+05:30,56.23,56.23,55.99,55.99,4800
2024-02-09 00:00:00+05:30,58.0,58.0,56.0,56.0,4800
2024-02-12 00:00:00+05:30,54.71,54.71,54.71,54.71,1600
2024-02-13 00:00:00+05:30,55.0,55.0,52.0,52.01,14400
2024-02-14 00:00:00+05:30,52.25,53.0,52.25,53.0,17600
2024-02-15 00:00:00+05:30,53.01,54.5,53.01,54.5,6400
2024-02-16 00:00:00+05:30,56.5,56.5,56.5,56.5,1600
2024-02-21 00:00:00+05:30,55.85,55.85,55.85,55.85,1600
2024-02-22 00:00:00+05:30,55.84,55.85,55.01,55.01,8000
2024-02-23 00:00:00+05:30,56.89,57.5,56.89,57.5,11200
2024-02-26 00:00:00+05:30,59.5,59.5,56.0,57.5,11200
2024-02-27 00:00:00+05:30,57.5,57.5,55.2,55.2,4800
2024-02-28 00:00:00+05:30,57.39,57.5,54.01,56.75,19200
2024-02-29 00:00:00+05:30,55.0,55.0,52.25,52.25,32000
2024-03-01 00:00:00+05:30,54.5,57.5,54.5,56.88,8000
2024-03-02 00:00:00+05:30,56.1,56.1,56.1,56.1,1600
2024-03-04 00:00:00+05:30,56.25,56.25,56.25,56.25,1600
2024-03-05 00:00:00+05:30,54.01,54.01,54.0,54.01,3200
2024-03-06 00:00:00+05:30,53.5,53.5,53.5,53.5,1600
2024-03-07 00:00:00+05:30,55.45,55.45,55.45,55.45,1600
2024-03-11 00:00:00+05:30,55.45,55.45,54.0,54.0,4800
2024-03-12 00:00:00+05:30,54.5,54.5,54.5,54.5,1600
2024-03-13 00:00:00+05:30,52.0,53.0,50.0,50.67,11200
2024-03-14 00:00:00+05:30,52.99,54.49,52.99,54.49,60800
2024-03-15 00:00:00+05:30,54.0,54.0,52.16,53.5,9600
2024-03-19 00:00:00+05:30,52.0,52.0,52.0,52.0,1600
2024-03-20 00:00:00+05:30,51.0,51.0,51.0,51.0,1600
2024-03-21 00:00:00+05:30,51.0,51.25,51.0,51.05,80000
2024-03-22 00:00:00+05:30,52.2,53.48,50.75,53.48,283200
2024-03-26 00:00:00+05:30,52.0,52.0,48.0,51.79,488000
2024-03-27 00:00:00+05:30,52.0,52.75,49.99,49.99,256000
2024-03-28 00:00:00+05:30,49.95,51.0,49.95,50.0,6400
2024-04-01 00:00:00+05:30,51.0,53.0,50.6,51.87,9600
2024-04-02 00:00:00+05:30,51.87,53.5,51.87,53.5,52800
2024-04-03 00:00:00+05:30,54.72,55.5,54.72,55.11,3200
2024-04-04 00:00:00+05:30,54.0,54.0,52.13,53.0,8000
2024-04-05 00:00:00+05:30,54.84,54.84,52.55,53.25,40000
2024-04-08 00:00:00+05:30,52.5,52.5,52.5,52.5,1600
2024-04-09 00:00:00+05:30,52.1,52.1,52.1,52.1,1600
2024-04-10 00:00:00+05:30,52.5,52.5,50.55,50.56,19200
2024-04-15 00:00:00+05:30,49.56,52.0,49.5,52.0,56000
2024-04-16 00:00:00+05:30,50.2,50.25,50.1,50.1,51200
2024-04-18 00:00:00+05:30,51.0,51.0,50.0,50.0,65600
2024-04-19 00:00:00+05:30,50.0,50.5,50.0,50.0,56000
2024-04-22 00:00:00+05:30,50.5,50.5,50.0,50.0,49600
2024-04-23 00:00:00+05:30,50.05,52.5,50.0,52.5,92800
2024-04-24 00:00:00+05:30,51.0,51.0,50.0,50.45,51200
2024-04-25 00:00:00+05:30,49.0,50.0,49.0,49.21,4800
2024-04-29 00:00:00+05:30,49.5,51.35,49.5,50.0,51200
2024-04-30 00:00:00+05:30,50.0,50.0,50.0,50.0,33600
2024-05-02 00:00:00+05:30,50.0,50.0,50.0,50.0,60800
2024-05-03 00:00:00+05:30,49.5,49.5,49.0,49.0,3200
2024-05-06 00:00:00+05:30,49.05,49.05,47.5,47.5,4800
2024-05-07 00:00:00+05:30,47.5,49.95,47.1,49.9,59200
2024-05-08 00:00:00+05:30,49.9,50.0,49.9,50.0,49600
2024-05-09 00:00:00+05:30,50.0,50.0,50.0,50.0,46400
2024-05-10 00:00:00+05:30,48.01,50.05,48.0,50.0,88000
2024-05-13 00:00:00+05:30,49.0,49.75,49.0,49.75,38400
2024-05-14 00:00:00+05:30,50.25,50.25,50.25,50.25,36800
2024-05-15 00:00:00+05:30,49.0,49.95,49.0,49.95,6400
2024-05-16 00:00:00+05:30,48.0,48.0,48.0,48.0,1600
2024-05-17 00:00:00+05:30,48.0,48.0,48.0,48.0,1600
2024-05-22 00:00:00+05:30,50.0,50.0,50.0,50.0,1600
2024-05-23 00:00:00+05:30,50.1,50.1,47.0,48.25,8000
2024-05-24 00:00:00+05:30,50.0,53.0,50.0,50.5,84800
2024-05-27 00:00:00+05:30,51.0,51.0,51.0,51.0,4800
2024-05-28 00:00:00+05:30,52.75,52.75,48.01,48.01,9600
2024-05-29 00:00:00+05:30,48.01,48.01,48.01,48.01,1600
2024-06-03 00:00:00+05:30,48.01,48.01,48.01,48.01,1600
2024-06-12 00:00:00+05:30,48.0,48.1,47.0,47.0,32000
2024-06-13 00:00:00+05:30,49.4,50.99,48.57,49.0,11200
2024-06-14 00:00:00+05:30,48.99,49.0,47.5,47.5,11200
2024-06-18 00:00:00+05:30,47.5,47.5,47.5,47.5,3200
2024-06-19 00:00:00+05:30,47.0,48.0,44.5,47.0,16000
2024-06-20 00:00:00+05:30,50.0,50.0,47.61,47.61,4800
2024-06-21 00:00:00+05:30,50.0,50.0,49.0,49.0,6400
2024-06-24 00:00:00+05:30,48.0,48.0,48.0,48.0,1600
2024-06-25 00:00:00+05:30,47.0,47.0,47.0,47.0,1600
2024-06-26 00:00:00+05:30,47.0,47.0,47.0,47.0,1600
2024-06-27 00:00:00+05:30,47.0,47.0,47.0,47.0,3200
2024-07-01 00:00:00+05:30,47.0,47.0,47.0,47.0,1600
2024-07-02 00:00:00+05:30,47.0,47.0,47.0,47.0,1600
2024-07-03 00:00:00+05:30,48.0,48.0,48.0,48.0,3200
2024-07-04 00:00:00+05:30,45.1,51.0,45.1,50.96,22400
2024-07-05 00:00:00+05:30,51.25,51.25,50.99,50.99,8000
2024-07-08 00:00:00+05:30,46.45,47.2,46.45,47.2,3200
2024-07-09 00:00:00+05:30,47.5,48.0,45.25,48.0,11200
2024-07-10 00:00:00+05:30,50.0,50.0,50.0,50.0,1600
2024-07-11 00:00:00+05:30,50.0,50.4,50.0,50.4,3200
2024-07-12 00:00:00+05:30,49.0,51.49,49.0,51.0,6400
2024-07-23 00:00:00+05:30,52.0,52.0,52.0,52.0,1600
2024-07-25 00:00:00+05:30,50.85,50.85,47.36,50.0,4800
2024-07-26 00:00:00+05:30,48.31,48.31,48.31,48.31,1600
2024-07-30 00:00:00+05:30,49.0,50.0,49.0,50.0,9600
2024-08-05 00:00:00+05:30,50.0,50.0,50.0,50.0,3200
2024-08-08 00:00:00+05:30,49.5,49.5,49.5,49.5,3200
2024-08-12 00:00:00+05:30,48.22,48.22,48.2,48.21,8000
2024-08-13 00:00:00+05:30,49.85,50.0,49.85,50.0,6400
2024-08-14 00:00:00+05:30,49.99,50.9,49.99,50.0,8000
2024-08-16 00:00:00+05:30,50.0,51.0,50.0,50.0,9600
2024-08-19 00:00:00+05:30,50.0,50.0,50.0,50.0,6400
2024-08-20 00:00:00+05:30,56.69,56.71,53.01,53.01,20800
2024-08-21 00:00:00+05:30,50.06,58.0,50.02,57.86,136000
2024-08-22 00:00:00+05:30,57.1,69.43,57.02,69.43,104000
2024-08-23 00:00:00+05:30,74.7,79.0,67.0,73.0,115200
2024-08-26 00:00:00+05:30,74.0,74.0,65.7,69.83,136000
2024-08-27 00:00:00+05:30,69.83,69.83,64.5,64.62,84800
2024-08-28 00:00:00+05:30,66.0,66.0,62.2,62.35,72000
2024-08-29 00:00:00+05:30,63.6,65.0,60.08,60.09,24000
2024-08-30 00:00:00+05:30,61.0,65.96,61.0,63.2,20800
2024-09-02 00:00:00+05:30,65.0,66.93,64.0,64.19,43200
2024-09-03 00:00:00+05:30,63.0,63.0,60.0,60.6,70400
2024-09-04 00:00:00+05:30,61.0,65.99,60.1,64.63,24000
2024-09-05 00:00:00+05:30,65.7,68.5,65.39,67.0,25600
2024-09-06 00:00:00+05:30,68.0,68.0,66.0,66.99,19200
2024-09-09 00:00:00+05:30,66.86,66.86,65.1,65.2,17600
2024-09-10 00:00:00+05:30,65.2,67.0,65.2,66.5,14400
2024-09-11 00:00:00+05:30,66.55,66.55,66.5,66.5,3200
2024-09-12 00:00:00+05:30,66.5,66.5,65.0,66.0,9600
2024-09-13 00:00:00+05:30,66.0,67.0,64.0,66.15,86400
2024-09-16 00:00:00+05:30,67.99,72.76,67.6,72.76,204800
2024-09-17 00:00:00+05:30,79.0,80.03,76.7,80.03,67200
2024-09-18 00:00:00+05:30,85.99,88.0,78.1,83.75,256000
2024-09-19 00:00:00+05:30,86.0,86.0,78.5,80.88,68800
2024-09-20 00:00:00+05:30,82.75,88.96,82.75,88.96,89600
2024-09-23 00:00:00+05:30,89.05,93.4,89.05,93.4,73600
2024-09-24 00:00:00+05:30,97.25,98.07,97.25,98.07,24000
2024-09-25 00:00:00+05:30,102.85,102.97,102.85,102.97,24000
2024-09-26 00:00:00+05:30,108.11,108.11,108.11,108.11,14400
2024-09-27 00:00:00+05:30,113.51,113.51,113.51,113.51,24000
2024-09-30 00:00:00+05:30,119.18,119.18,119.18,119.18,16000
2024-10-01 00:00:00+05:30,125.1,125.1,125.1,125.1,1600
2024-10-03 00:00:00+05:30,131.35,131.35,131.35,131.35,20800
2024-10-04 00:00:00+05:30,137.9,137.9,124.8,137.9,433600
2024-10-07 00:00:00+05:30,144.0,144.0,133.9,137.3,201600
2024-10-08 00:00:00+05:30,140.05,140.05,130.45,130.45,139200
2024-10-09 00:00:00+05:30,131.5,136.85,123.95,123.95,57600
2024-10-10 00:00:00+05:30,117.8,120.2,117.8,117.8,51200
2024-10-11 00:00:00+05:30,111.95,123.65,111.95,122.6,164800
2024-10-14 00:00:00+05:30,128.0,128.7,120.0,128.7,72000
2024-10-15 00:00:00+05:30,134.0,135.1,134.0,135.1,38400
2024-10-16 00:00:00+05:30,141.85,141.85,141.85,141.85,12800
2024-10-17 00:00:00+05:30,148.9,148.9,134.8,140.95,145600
2024-10-18 00:00:00+05:30,133.95,133.95,133.95,133.95,20800
2024-10-22 00:00:00+05:30,131.3,131.3,131.3,131.3,1600
2024-10-23 00:00:00+05:30,128.7,128.7,128.7,128.7,76800
2024-10-24 00:00:00+05:30,126.5,126.5,126.5,126.5,1600
2024-10-25 00:00:00+05:30,124.0,129.0,124.0,129.0,844800
2024-10-28 00:00:00+05:30,131.55,131.55,131.55,131.55,190400
2024-10-29 00:00:00+05:30,134.15,134.15,134.15,134.15,2094400
2024-10-30 00:00:00+05:30,136.8,136.8,136.8,136.8,6400
2024-11-04 00:00:00+05:30,139.5,139.5,139.5,139.5,8000
2024-11-05 00:00:00+05:30,142.25,142.25,142.25,142.25,4800
2024-11-06 00:00:00+05:30,145.05,145.05,145.05,145.05,6400
2024-11-07 00:00:00+05:30,147.95,147.95,147.95,147.95,9600
2024-11-08 00:00:00+05:30,150.9,150.9,150.9,150.9,1600
2024-11-11 00:00:00+05:30,153.9,153.9,153.9,153.9,8000
2024-11-12 00:00:00+05:30,156.95,156.95,156.95,156.95,12800
2024-11-13 00:00:00+05:30,153.85,153.85,153.85,153.85,104000
2024-11-14 00:00:00+05:30,150.8,156.9,150.8,156.9,161600
2024-11-18 00:00:00+05:30,159.9,160.0,159.75,160.0,68800
2024-11-19 00:00:00+05:30,163.2,163.2,163.2,163.2,12800
2024-11-21 00:00:00+05:30,166.45,166.45,166.45,166.45,6400
2024-11-22 00:00:00+05:30,169.75,169.75,169.75,169.75,4800
2024-11-25 00:00:00+05:30,173.1,173.1,173.1,173.1,4800
2024-11-26 00:00:00+05:30,176.55,176.55,176.55,176.55,11200
2024-11-27 00:00:00+05:30,180.05,180.05,180.05,180.05,27200
2024-11-28 00:00:00+05:30,183.65,183.65,183.65,183.65,14400
2024-11-29 00:00:00+05:30,187.3,187.3,187.3,187.3,6400
2024-12-02 00:00:00+05:30,191.0,191.0,191.0,191.0,14400
2024-12-03 00:00:00+05:30,194.8,194.8,189.95,194.8,323200
2024-12-04 00:00:00+05:30,198.65,198.65,198.65,198.65,4800
2024-12-05 00:00:00+05:30,202.6,202.6,202.6,202.6,4800
2024-12-06 00:00:00+05:30,206.65,206.65,206.65,206.65,3200
2024-12-09 00:00:00+05:30,210.75,210.75,210.75,210.75,9600
2024-12-10 00:00:00+05:30,214.95,214.95,214.95,214.95,14400
2024-12-11 00:00:00+05:30,219.2,219.2,219.2,219.2,3200
2024-12-12 00:00:00+05:30,223.55,223.55,223.55,223.55,3200
2024-12-13 00:00:00+05:30,219.1,228.0,219.1,228.0,249600
2024-12-16 00:00:00+05:30,228.1,232.55,228.1,232.55,54400
2024-12-17 00:00:00+05:30,237.2,237.2,237.2,237.2,8000
2024-12-18 00:00:00+05:30,241.9,241.9,241.9,241.9,168000
2024-12-19 00:00:00+05:30,246.7,246.7,246.7,246.7,17600
2024-12-20 00:00:00+05:30,251.6,251.6,251.6,251.6,6400
2024-12-23 00:00:00+05:30,256.6,256.6,256.6,256.6,225600
2024-12-24 00:00:00+05:30,251.5,251.5,251.5,251.5,75200
2024-12-26 00:00:00+05:30,246.5,246.5,246.5,246.5,14400
2024-12-27 00:00:00+05:30,241.6,251.4,241.6,251.4,134400
2024-12-30 00:00:00+05:30,246.4,250.0,246.4,246.4,48000
2024-12-31 00:00:00+05:30,241.5,241.8,241.5,241.8,46400
2025-01-01 00:00:00+05:30,237.0,237.1,237.0,237.1,9600
2025-01-02 00:00:00+05:30,237.1,241.7,237.1,237.1,20800
2025-01-03 00:00:00+05:30,241.35,241.35,237.1,241.3,22400
2025-01-06 00:00:00+05:30,241.35,245.9,237.0,242.0,65600
2025-01-07 00:00:00+05:30,243.0,246.8,242.5,246.8,24000
2025-01-08 00:00:00+05:30,242.1,246.8,242.0,242.0,12800
2025-01-09 00:00:00+05:30,237.5,246.7,237.5,246.7,22400
2025-01-10 00:00:00+05:30,246.7,246.7,241.8,241.8,27200
2025-01-13 00:00:00+05:30,237.0,241.8,237.0,237.0,28800
2025-01-14 00:00:00+05:30,241.6,241.6,241.5,241.5,11200
2025-01-15 00:00:00+05:30,241.0,241.0,236.7,236.7,17600
2025-01-16 00:00:00+05:30,232.0,232.0,232.0,232.0,4800
2025-01-17 00:00:00+05:30,227.4,230.0,227.4,227.4,11200
2025-01-20 00:00:00+05:30,217.1,238.75,217.1,238.75,35200
2025-01-21 00:00:00+05:30,247.75,250.65,240.0,249.5,33600
2025-01-22 00:00:00+05:30,250.65,261.95,250.65,261.95,22400
2025-01-23 00:00:00+05:30,275.0,275.0,274.9,274.9,14400
2025-01-24 00:00:00+05:30,288.6,288.6,270.0,277.6,20800
2025-01-27 00:00:00+05:30,270.0,280.0,263.75,278.0,24000
2025-01-28 00:00:00+05:30,278.0,278.0,264.25,271.3,14400
2025-01-29 00:00:00+05:30,265.9,265.9,265.9,265.9,3200
2025-01-30 00:00:00+05:30,260.6,260.6,260.6,260.6,9600
2025-01-31 00:00:00+05:30,258.0,258.0,255.4,255.4,14400
2025-02-01 00:00:00+05:30,250.3,254.0,250.3,253.0,12800
2025-02-03 00:00:00+05:30,257.5,257.5,255.9,255.9,4800
2025-02-04 00:00:00+05:30,250.8,250.8,250.8,250.8,4800
2025-02-05 00:00:00+05:30,250.8,255.65,245.8,255.65,28800
2025-02-06 00:00:00+05:30,255.65,260.65,255.65,255.65,6400
2025-02-07 00:00:00+05:30,260.75,260.75,260.0,260.65,9600
2025-02-10 00:00:00+05:30,265.0,265.0,259.0,259.0,3200
2025-02-11 00:00:00+05:30,253.85,253.85,253.85,253.85,8000
2025-02-12 00:00:00+05:30,249.0,253.85,249.0,253.85,30400
2025-02-13 00:00:00+05:30,249.0,258.0,249.0,258.0,6400
2025-02-14 00:00:00+05:30,258.95,258.95,258.95,258.95,1600
2025-02-17 00:00:00+05:30,254.0,254.0,253.8,253.8,11200
2025-02-19 00:00:00+05:30,248.75,251.0,248.75,251.0,4800
2025-02-20 00:00:00+05:30,248.0,250.5,248.0,250.5,3200
2025-02-21 00:00:00+05:30,248.0,248.0,248.0,248.0,3200
2025-02-24 00:00:00+05:30,243.05,243.05,243.05,243.05,3200
2025-02-25 00:00:00+05:30,242.5,242.5,242.5,242.5,9600
2025-02-27 00:00:00+05:30,237.65,237.65,237.65,237.65,14400
2025-02-28 00:00:00+05:30,232.9,232.9,232.9,232.9,4800
2025-03-03 00:00:00+05:30,228.25,230.9,228.25,230.9,20800
2025-03-04 00:00:00+05:30,230.9,230.9,226.3,226.3,11200
2025-03-06 00:00:00+05:30,230.8,230.8,230.8,230.8,1600
2025-03-10 00:00:00+05:30,230.8,235.0,220.0,230.0,32000
2025-03-11 00:00:00+05:30,218.5,234.95,218.5,234.95,19200
2025-03-12 00:00:00+05:30,224.05,242.9,223.25,233.95,17600
2025-03-13 00:00:00+05:30,225.0,240.0,225.0,240.0,19200
2025-03-17 00:00:00+05:30,232.2,247.9,232.1,247.9,9600
2025-03-18 00:00:00+05:30,247.0,247.5,247.0,247.5,3200
2025-03-19 00:00:00+05:30,246.95,254.95,240.0,253.9,33600
2025-03-20 00:00:00+05:30,263.8,263.8,263.8,263.8,1600
2025-03-21 00:00:00+05:30,263.75,269.45,257.2,263.5,8000
2025-03-24 00:00:00+05:30,266.0,267.95,266.0,266.0,11200
2025-03-25 00:00:00+05:30,267.1,267.1,254.65,264.95,19200
2025-03-26 00:00:00+05:30,263.95,267.9,253.0,265.65,11200
2025-03-27 00:00:00+05:30,252.5,267.0,252.4,267.0,11200
2025-03-28 00:00:00+05:30,266.9,266.95,266.9,266.95,3200
2025-04-01 00:00:00+05:30,253.65,273.0,253.65,270.0,20800
2025-04-02 00:00:00+05:30,270.0,270.0,257.05,268.95,12800
2025-04-03 00:00:00+05:30,266.9,267.0,260.0,263.5,11200
2025-04-04 00:00:00+05:30,252.05,262.0,252.05,259.5,14400
2025-04-07 00:00:00+05:30,256.95,257.9,246.75,255.65,14400
2025-04-08 00:00:00+05:30,254.0,267.9,254.0,267.3,14400
2025-04-09 00:00:00+05:30,272.9,277.0,258.1,273.0,19200
2025-04-11 00:00:00+05:30,273.0,279.0,260.05,260.05,14400
2025-04-15 00:00:00+05:30,265.0,271.9,265.0,270.55,11200
2025-04-16 00:00:00+05:30,265.4,284.0,265.35,284.0,20800
2025-04-17 00:00:00+05:30,280.0,284.9,273.5,278.0,20800
2025-04-21 00:00:00+05:30,278.0,290.0,278.0,280.25,27200
2025-04-22 00:00:00+05:30,282.0,283.5,281.0,282.25,14400
2025-04-23 00:00:00+05:30,282.45,296.0,281.6,290.65,56000
2025-04-24 00:00:00+05:30,305.15,305.15,305.0,305.15,28800
2025-04-25 00:00:00+05:30,320.4,320.4,317.0,318.2,36800
2025-04-28 00:00:00+05:30,307.0,324.0,305.0,315.0,27200
2025-04-29 00:00:00+05:30,320.0,325.0,310.0,320.0,24000
2025-04-30 00:00:00+05:30,320.0,320.0,304.0,317.95,62400
2025-05-02 00:00:00+05:30,310.0,318.75,304.3,315.1,19200
2025-05-05 00:00:00+05:30,310.0,325.0,305.2,322.5,28000
2025-05-06 00:00:00+05:30,310.05,317.95,306.4,308.55,20000
2025-05-07 00:00:00+05:30,314.9,314.95,313.9,313.9,3200
2025-05-08 00:00:00+05:30,308.0,309.0,298.25,299.4,8800
2025-05-09 00:00:00+05:30,298.25,314.35,284.45,314.35,20000
2025-05-12 00:00:00+05:30,318.0,318.0,300.0,315.0,24800
2025-05-13 00:00:00+05:30,314.9,318.0,305.55,308.65,17600
2025-05-14 00:00:00+05:30,308.65,315.0,308.65,311.0,6400
2025-05-15 00:00:00+05:30,308.7,315.9,305.85,315.7,8800
2025-05-16 00:00:00+05:30,314.9,324.8,309.0,324.8,20800
2025-05-19 00:00:00+05:30,330.0,330.0,329.8,330.0,4800
2025-05-20 00:00:00+05:30,320.0,332.5,320.0,325.0,15200
2025-05-21 00:00:00+05:30,325.0,325.0,315.0,320.0,22400
2025-05-22 00:00:00+05:30,320.0,325.0,310.0,324.0,16800
2025-05-23 00:00:00+05:30,315.0,335.0,308.05,323.65,12800
2025-05-26 00:00:00+05:30,313.75,315.1,313.0,315.0,6400
2025-05-27 00:00:00+05:30,309.3,318.0,301.1,315.5,71200
2025-05-28 00:00:00+05:30,315.5,320.0,305.1,316.35,72000
2025-05-29 00:00:00+05:30,316.35,320.0,316.35,319.9,3200
2025-05-30 00:00:00+05:30,318.0,318.0,309.0,310.1,15200
2025-06-02 00:00:00+05:30,296.0,319.75,296.0,317.2,31200
2025-06-03 00:00:00+05:30,317.0,318.0,311.0,316.25,50400
2025-06-04 00:00:00+05:30,312.0,320.0,312.0,317.5,43200
2025-06-05 00:00:00+05:30,316.9,317.0,311.25,316.65,24800
2025-06-06 00:00:00+05:30,323.65,323.65,312.0,318.0,6400
2025-06-09 00:00:00+05:30,323.55,330.0,317.0,329.5,13600
2025-06-10 00:00:00+05:30,320.0,329.0,320.0,320.0,64800
2025-06-11 00:00:00+05:30,328.4,328.4,320.0,320.05,4800
2025-06-12 00:00:00+05:30,320.0,325.0,315.25,321.0,17600
2025-06-13 00:00:00+05:30,310.1,327.45,310.1,326.3,13600
2025-06-16 00:00:00+05:30,321.0,326.0,321.0,321.05,7200
2025-06-17 00:00:00+05:30,321.0,326.0,321.0,326.0,10400
2025-06-18 00:00:00+05:30,315.5,333.0,315.5,328.65,14400
2025-06-19 00:00:00+05:30,320.05,342.85,315.0,339.5,21600
2025-06-20 00:00:00+05:30,339.5,352.0,335.0,346.65,14400
2025-06-23 00:00:00+05:30,354.0,356.0,345.0,345.5,12800
2025-06-24 00:00:00+05:30,353.0,355.0,353.0,355.0,1600
2025-06-25 00:00:00+05:30,346.0,355.5,345.0,355.5,12000
2025-06-26 00:00:00+05:30,341.85,355.0,340.0,343.9,16000
2025-06-27 00:00:00+05:30,343.0,349.9,339.15,346.0,11200
2025-06-30 00:00:00+05:30,330.9,349.9,329.2,347.85,35200
2025-07-01 00:00:00+05:30,331.55,345.0,330.5,336.75,91200
2025-07-02 00:00:00+05:30,319.95,338.5,319.95,335.85,74400
2025-07-03 00:00:00+05:30,330.0,340.0,319.1,335.8,82400
2025-07-04 00:00:00+05:30,337.0,337.9,322.15,325.35,36800
2025-07-07 00:00:00+05:30,335.0,335.0,316.0,330.35,42400
2025-07-08 00:00:00+05:30,322.1,329.85,317.5,322.0,33600
2025-07-09 00:00:00+05:30,320.0,324.95,317.95,317.95,3200
2025-07-10 00:00:00+05:30,308.05,314.9,304.0,312.1,53600
2025-07-11 00:00:00+05:30,315.95,315.95,314.8,314.8,5600
2025-07-14 00:00:00+05:30,314.9,320.0,304.45,317.65,32000
2025-07-15 00:00:00+05:30,319.9,319.9,307.15,312.45,28000
2025-07-16 00:00:00+05:30,308.0,313.5,308.0,312.95,14400
2025-07-17 00:00:00+05:30,312.9,312.95,307.9,311.95,17600
2025-07-18 00:00:00+05:30,310.9,312.0,305.0,309.9,33600
2025-07-21 00:00:00+05:30,305.05,311.0,305.0,308.55,31200
2025-07-22 00:00:00+05:30,305.0,309.9,303.35,305.9,18400
2025-07-23 00:00:00+05:30,296.0,303.9,296.0,300.5,37600
2025-07-24 00:00:00+05:30,300.0,300.0,290.5,296.8,8000
2025-07-25 00:00:00+05:30,304.95,304.95,295.0,299.55,25600
2025-07-28 00:00:00+05:30,300.5,304.95,293.0,298.35,19200
2025-07-29 00:00:00+05:30,287.25,300.0,287.25,297.8,8000
2025-07-30 00:00:00+05:30,299.5,299.5,298.0,299.0,5600
2025-07-31 00:00:00+05:30,301.0,301.0,299.1,299.1,12000
2025-08-01 00:00:00+05:30,304.8,304.8,295.5,302.75,8000
2025-08-04 00:00:00+05:30,304.0,304.5,301.0,304.5,6400
2025-08-05 00:00:00+05:30,301.5,308.0,298.0,302.0,8800
2025-08-06 00:00:00+05:30,296.0,306.5,296.0,306.45,12800
2025-08-07 00:00:00+05:30,303.0,309.0,303.0,308.25,8800
2025-08-08 00:00:00+05:30,306.0,313.0,306.0,313.0,3200
2025-08-11 00:00:00+05:30,301.0,318.0,301.0,316.5,6400
2025-08-12 00:00:00+05:30,316.0,316.0,314.95,314.95,2400
2025-08-13 00:00:00+05:30,310.0,319.9,310.0,313.35,11200
2025-08-14 00:00:00+05:30,320.65,320.65,309.0,319.1,7200
2025-08-18 00:00:00+05:30,321.4,323.4,311.0,319.1,4000
2025-08-19 00:00:00+05:30,315.0,322.25,313.0,321.25,29600
2025-08-20 00:00:00+05:30,311.5,320.7,311.5,320.7,12800
2025-08-21 00:00:00+05:30,310.5,320.45,310.5,315.5,13600
2025-08-22 00:00:00+05:30,314.0,319.95,312.0,318.9,21600
2025-08-25 00:00:00+05:30,312.9,318.85,311.4,318.0,17600
2025-08-26 00:00:00+05:30,306.0,317.0,306.0,315.15,13600
2025-08-28 00:00:00+05:30,318.45,318.45,311.75,315.65,7200
2025-08-29 00:00:00+05:30,318.6,318.6,311.8,315.55,10400
2025-09-01 00:00:00+05:30,319.25,319.25,312.0,316.5,20000
2025-09-02 00:00:00+05:30,315.0,317.7,315.0,316.5,11200
2025-09-03 00:00:00+05:30,311.5,316.0,311.5,316.0,3200
2025-09-04 00:00:00+05:30,315.95,317.0,315.95,317.0,16800
2025-09-05 00:00:00+05:30,328.0,328.0,312.0,320.65,40000
2025-09-08 00:00:00+05:30,320.65,321.45,319.9,321.45,3200
2025-09-09 00:00:00+05:30,321.45,325.0,306.0,315.4,62400
2025-09-10 00:00:00+05:30,319.4,319.4,310.0,317.0,24000
2025-09-11 00:00:00+05:30,317.0,322.0,312.0,322.0,24800
2025-09-12 00:00:00+05:30,335.0,338.1,326.0,335.8,50400
2025-09-15 00:00:00+05:30,351.85,351.9,347.0,350.8,42400
2025-09-16 00:00:00+05:30,350.8,366.8,340.0,362.6,93600
2025-09-17 00:00:00+05:30,375.0,380.0,367.0,378.95,68000
2025-09-18 00:00:00+05:30,396.95,397.0,385.0,396.1,57600
2025-09-19 00:00:00+05:30,398.0,399.95,397.0,397.0,12000
