date,open,high,low,close,volume
2008-01-01 00:00:00+05:30,138.94,144.5,136.0,137.35,133500
2008-01-02 00:00:00+05:30,137.0,139.0,130.05,133.69,65398
2008-01-03 00:00:00+05:30,132.0,137.85,132.0,135.6,76974
2008-01-04 00:00:00+05:30,137.0,142.5,131.25,133.1,63161
2008-01-07 00:00:00+05:30,128.0,138.4,128.0,130.85,56244
2008-01-08 00:00:00+05:30,131.0,136.25,119.1,128.19,82617
2008-01-09 00:00:00+05:30,124.3,129.15,120.7,122.45,39733
2008-01-10 00:00:00+05:30,122.0,127.0,110.25,112.25,36941
2008-01-11 00:00:00+05:30,115.0,119.5,111.05,116.2,41751
2008-01-14 00:00:00+05:30,116.0,122.5,114.0,118.1,19333
2008-01-15 00:00:00+05:30,120.0,123.9,116.0,119.2,36125
2008-01-16 00:00:00+05:30,119.8,119.9,109.0,113.35,16195
2008-01-17 00:00:00+05:30,113.0,117.0,111.0,113.2,22167
2008-01-18 00:00:00+05:30,113.7,114.7,107.5,108.75,23577
2008-01-21 00:00:00+05:30,106.0,106.0,97.9,98.2,26408
2008-01-22 00:00:00+05:30,96.0,96.0,88.4,88.4,5282
2008-01-23 00:00:00+05:30,90.0,92.75,84.0,88.35,30143
2008-01-24 00:00:00+05:30,90.0,92.5,83.95,83.95,24953
2008-01-25 00:00:00+05:30,81.59,85.65,80.2,84.75,8413
2008-01-28 00:00:00+05:30,80.55,87.5,80.55,86.65,5978
2008-01-29 00:00:00+05:30,88.0,88.9,86.3,88.25,6479
2008-01-30 00:00:00+05:30,88.1,91.25,84.3,87.7,7244
2008-01-31 00:00:00+05:30,89.7,89.7,84.6,85.3,4322
2008-02-01 00:00:00+05:30,85.85,89.55,85.65,87.6,22335
2008-02-04 00:00:00+05:30,89.15,91.95,89.15,91.15,16209
2008-02-05 00:00:00+05:30,86.95,93.0,86.95,92.3,2988
2008-02-06 00:00:00+05:30,87.75,94.5,87.75,93.65,14057
2008-02-07 00:00:00+05:30,92.0,94.4,91.1,91.3,9411
2008-02-08 00:00:00+05:30,91.15,91.15,86.75,88.9,9850
2008-02-11 00:00:00+05:30,88.9,88.9,84.5,84.5,8834
2008-02-12 00:00:00+05:30,82.0,82.0,80.3,80.3,3730
2008-02-13 00:00:00+05:30,81.84,81.84,76.3,77.0,10844
2008-02-14 00:00:00+05:30,80.84,80.84,77.5,79.4,4106
2008-02-15 00:00:00+05:30,80.0,82.4,77.8,81.84,3946
2008-02-18 00:00:00+05:30,81.9,84.45,81.4,83.2,7834
2008-02-19 00:00:00+05:30,85.0,85.0,82.5,83.05,12332
2008-02-20 00:00:00+05:30,83.9,85.0,78.9,81.59,13061
2008-02-21 00:00:00+05:30,83.0,85.65,83.0,84.5,3508
2008-02-22 00:00:00+05:30,85.4,85.5,80.3,80.75,31073
2008-02-25 00:00:00+05:30,83.7,84.75,82.0,84.75,25260
2008-02-26 00:00:00+05:30,85.95,88.95,85.5,88.95,31677
2008-02-27 00:00:00+05:30,92.0,93.35,90.0,92.2,101145
2008-02-28 00:00:00+05:30,93.0,93.0,87.6,88.2,16411
2008-02-29 00:00:00+05:30,89.4,89.4,83.9,84.7,18741
2008-03-03 00:00:00+05:30,83.0,83.5,81.8,82.2,8271
2008-03-04 00:00:00+05:30,80.75,80.75,78.09,78.2,13330
2008-03-05 00:00:00+05:30,76.0,79.95,75.2,77.9,10372
2008-03-07 00:00:00+05:30,75.2,77.75,74.05,74.05,6979
2008-03-10 00:00:00+05:30,75.0,75.05,66.65,66.65,32936
2008-03-11 00:00:00+05:30,64.5,72.34,64.5,71.25,11015
2008-03-12 00:00:00+05:30,72.0,75.75,70.55,71.09,18157
2008-03-13 00:00:00+05:30,66.5,70.5,65.05,65.8,15906
2008-03-14 00:00:00+05:30,66.0,70.0,65.0,66.7,13422
2008-03-17 00:00:00+05:30,66.0,67.0,62.85,64.0,10062
2008-03-18 00:00:00+05:30,64.0,64.0,58.1,59.3,18382
2008-03-19 00:00:00+05:30,63.75,63.75,55.55,56.6,10491
2008-03-24 00:00:00+05:30,54.55,56.0,51.1,52.7,20410
2008-03-25 00:00:00+05:30,55.0,55.3,53.05,55.2,35143
2008-03-26 00:00:00+05:30,55.1,57.95,54.05,55.65,30404
2008-03-27 00:00:00+05:30,56.1,56.85,55.1,55.45,11494
2008-03-28 00:00:00+05:30,56.75,58.2,56.3,58.2,52848
2008-03-31 00:00:00+05:30,58.6,61.1,58.6,61.1,13138
2008-04-01 00:00:00+05:30,62.0,64.15,61.15,63.65,7607
2008-04-02 00:00:00+05:30,65.05,66.2,64.34,64.4,6161
2008-04-03 00:00:00+05:30,62.6,64.5,62.3,62.4,1090
2008-04-04 00:00:00+05:30,63.0,63.05,62.15,62.3,769
2008-04-07 00:00:00+05:30,60.6,64.45,60.6,63.3,5907
2008-04-08 00:00:00+05:30,62.95,63.65,62.15,62.65,3963
2008-04-09 00:00:00+05:30,62.5,65.75,62.0,65.75,12441
2008-04-10 00:00:00+05:30,67.05,68.7,66.0,67.45,9158
2008-04-11 00:00:00+05:30,68.59,70.0,66.0,66.95,18205
2008-04-15 00:00:00+05:30,66.5,69.0,66.34,67.45,7520
2008-04-16 00:00:00+05:30,70.2,70.8,68.59,70.75,15131
2008-04-17 00:00:00+05:30,73.9,74.25,71.5,74.25,14260
2008-04-21 00:00:00+05:30,77.75,77.95,77.4,77.95,4550
2008-04-22 00:00:00+05:30,78.09,81.8,77.0,81.8,20213
2008-04-23 00:00:00+05:30,81.5,85.85,79.5,83.05,33241
2008-04-24 00:00:00+05:30,84.85,87.2,84.6,87.2,32253
2008-04-25 00:00:00+05:30,91.0,91.55,90.0,91.55,39617
2008-04-28 00:00:00+05:30,93.5,94.35,87.1,87.85,25690
2008-04-29 00:00:00+05:30,89.0,90.85,87.0,89.65,18806
2008-04-30 00:00:00+05:30,89.25,90.15,89.0,89.65,12135
2008-05-02 00:00:00+05:30,89.9,90.35,88.25,88.7,7332
2008-05-05 00:00:00+05:30,90.0,90.85,86.5,86.85,11330
2008-05-06 00:00:00+05:30,86.0,90.0,86.0,88.45,34857
2008-05-07 00:00:00+05:30,89.5,90.0,87.0,87.75,29088
2008-05-08 00:00:00+05:30,85.95,91.0,85.95,90.0,21485
2008-05-09 00:00:00+05:30,90.0,92.3,88.0,88.9,20733
2008-05-12 00:00:00+05:30,90.0,90.0,84.5,84.9,16868
2008-05-13 00:00:00+05:30,86.0,87.7,85.1,85.8,14468
2008-05-14 00:00:00+05:30,85.0,90.05,84.1,90.05,30194
2008-05-15 00:00:00+05:30,93.0,94.55,92.5,94.55,24984
2008-05-16 00:00:00+05:30,99.25,99.25,99.25,99.25,21482
2008-05-20 00:00:00+05:30,104.2,104.2,102.0,104.2,125874
2008-05-21 00:00:00+05:30,107.4,109.4,100.5,109.2,81765
2008-05-22 00:00:00+05:30,108.0,112.95,108.0,109.0,67313
2008-05-23 00:00:00+05:30,114.0,114.0,104.0,104.95,51348
2008-05-26 00:00:00+05:30,103.0,103.0,99.75,99.8,23004
2008-05-27 00:00:00+05:30,101.0,104.55,99.0,100.2,14195
2008-05-28 00:00:00+05:30,100.5,103.55,100.5,101.9,16626
2008-05-29 00:00:00+05:30,103.0,105.15,102.65,104.45,18054
2008-05-30 00:00:00+05:30,104.1,105.1,100.55,101.15,24660
2008-06-02 00:00:00+05:30,102.05,102.8,98.1,99.85,22839
2008-06-03 00:00:00+05:30,95.05,99.25,95.0,96.5,25197
2008-06-04 00:00:00+05:30,98.5,98.9,91.7,92.15,19972
2008-06-05 00:00:00+05:30,91.0,96.75,87.55,96.75,27998
2008-06-06 00:00:00+05:30,101.55,101.55,97.0,97.25,16278
2008-06-09 00:00:00+05:30,94.6,94.6,92.4,92.4,5958
2008-06-10 00:00:00+05:30,90.15,92.0,87.8,89.8,9916
2008-06-11 00:00:00+05:30,91.5,94.0,90.6,91.9,8634
2008-06-12 00:00:00+05:30,88.05,93.8,88.0,92.2,6107
2008-06-13 00:00:00+05:30,94.0,96.8,93.0,96.8,18988
2008-06-16 00:00:00+05:30,101.6,101.6,99.0,101.35,33042
2008-06-17 00:00:00+05:30,101.95,106.4,101.95,104.6,124231
2008-06-18 00:00:00+05:30,107.85,108.4,102.0,105.7,49909
2008-06-19 00:00:00+05:30,105.0,106.25,100.45,101.0,21824
2008-06-20 00:00:00+05:30,103.0,103.95,96.25,96.5,23103
2008-06-23 00:00:00+05:30,93.05,99.4,91.75,94.15,32608
2008-06-24 00:00:00+05:30,92.55,96.0,89.45,90.15,17880
2008-06-26 00:00:00+05:30,90.0,92.55,88.0,89.5,30219
2008-06-27 00:00:00+05:30,86.7,87.95,85.05,85.05,16028
2008-06-30 00:00:00+05:30,86.85,86.85,80.8,81.15,8755
2008-07-01 00:00:00+05:30,77.25,78.25,77.09,77.09,10692
2008-07-02 00:00:00+05:30,75.0,77.5,73.25,75.09,6505
2008-07-03 00:00:00+05:30,73.2,73.55,71.34,71.8,3485
2008-07-04 00:00:00+05:30,70.0,73.34,68.75,72.05,20703
2008-07-07 00:00:00+05:30,75.0,79.25,73.09,78.15,15489
2008-07-08 00:00:00+05:30,77.0,77.0,74.09,75.55,3532
2008-07-09 00:00:00+05:30,78.0,83.1,78.0,83.1,21780
2008-07-10 00:00:00+05:30,82.95,86.0,81.0,83.0,9653
2008-07-11 00:00:00+05:30,82.1,84.25,80.25,82.15,7467
2008-07-14 00:00:00+05:30,80.0,80.0,77.9,79.0,6291
2008-07-15 00:00:00+05:30,76.34,78.4,71.5,72.45,6671
2008-07-16 00:00:00+05:30,73.09,76.0,71.55,72.0,6038
2008-07-17 00:00:00+05:30,75.0,75.9,72.5,72.5,1381
2008-07-18 00:00:00+05:30,76.0,76.0,72.84,74.05,3727
2008-07-21 00:00:00+05:30,72.0,74.5,70.3,71.75,3539
2008-07-22 00:00:00+05:30,71.09,74.45,70.4,71.55,8366
2008-07-23 00:00:00+05:30,75.0,78.09,72.59,77.09,14582
2008-07-24 00:00:00+05:30,77.0,77.75,73.0,75.65,5363
2008-07-25 00:00:00+05:30,77.9,77.9,73.0,74.05,10159
2008-07-28 00:00:00+05:30,72.65,79.4,72.65,78.4,12076
2008-07-29 00:00:00+05:30,77.0,84.0,77.0,77.95,13134
2008-07-30 00:00:00+05:30,79.0,79.0,76.0,76.9,3355
2008-07-31 00:00:00+05:30,78.5,78.5,75.65,76.34,5432
2008-08-01 00:00:00+05:30,78.0,79.5,76.25,77.55,10965
2008-08-04 00:00:00+05:30,79.84,81.4,77.0,77.59,4790
2008-08-05 00:00:00+05:30,79.0,80.0,77.5,78.95,10165
2008-08-06 00:00:00+05:30,79.09,81.0,78.0,78.09,6077
2008-08-07 00:00:00+05:30,79.3,79.65,77.5,78.4,5062
2008-08-08 00:00:00+05:30,76.75,79.2,76.75,77.95,3028
2008-08-11 00:00:00+05:30,79.95,79.95,75.0,76.7,14271
2008-08-12 00:00:00+05:30,78.0,78.0,75.8,75.9,2795
2008-08-13 00:00:00+05:30,75.55,76.5,74.0,74.65,13252
2008-08-14 00:00:00+05:30,74.4,75.9,72.4,73.7,4325
2008-08-18 00:00:00+05:30,75.9,76.9,75.0,75.09,6560
2008-08-19 00:00:00+05:30,74.09,75.2,73.0,74.84,12784
2008-08-20 00:00:00+05:30,75.0,79.5,75.0,77.25,12325
2008-08-21 00:00:00+05:30,78.95,78.95,74.09,75.05,3489
2008-08-22 00:00:00+05:30,75.05,76.34,73.5,75.15,7225
2008-08-25 00:00:00+05:30,76.2,77.5,75.25,76.05,16220
2008-08-26 00:00:00+05:30,75.59,76.75,75.0,76.55,22014
2008-08-27 00:00:00+05:30,77.95,77.95,75.65,76.09,12787
2008-08-28 00:00:00+05:30,76.09,76.84,76.0,76.0,2770
2008-08-29 00:00:00+05:30,77.3,77.5,75.3,75.95,4553
2008-09-01 00:00:00+05:30,75.09,76.2,74.25,75.4,5287
2008-09-02 00:00:00+05:30,76.09,76.84,76.0,76.15,3411
2008-09-04 00:00:00+05:30,76.0,77.5,75.2,76.15,37763
2008-09-05 00:00:00+05:30,74.5,76.25,74.5,75.65,12254
2008-09-08 00:00:00+05:30,78.8,78.8,76.09,76.55,10368
2008-09-09 00:00:00+05:30,76.0,77.0,74.95,76.0,19924
2008-09-10 00:00:00+05:30,75.65,81.0,75.65,77.0,17439
2008-09-11 00:00:00+05:30,76.9,77.2,76.0,76.95,5890
2008-09-12 00:00:00+05:30,76.5,77.0,73.65,75.15,12865
2008-09-15 00:00:00+05:30,72.5,75.3,69.0,73.4,8095
2008-09-16 00:00:00+05:30,72.0,77.5,68.0,76.9,22573
2008-09-17 00:00:00+05:30,77.0,77.0,72.05,73.84,11796
2008-09-18 00:00:00+05:30,70.0,74.9,67.75,70.75,7144
2008-09-19 00:00:00+05:30,71.0,72.15,70.5,70.95,2641
2008-09-22 00:00:00+05:30,70.0,71.65,69.05,69.9,393
2008-09-23 00:00:00+05:30,70.0,70.0,68.7,68.9,1147
2008-09-24 00:00:00+05:30,68.0,70.0,66.5,69.3,3125
2008-09-25 00:00:00+05:30,66.7,70.0,65.59,69.34,6814
2008-09-26 00:00:00+05:30,67.05,68.9,63.25,66.75,9552
2008-09-29 00:00:00+05:30,70.95,70.95,58.0,64.7,8402
2008-09-30 00:00:00+05:30,56.05,66.0,56.05,65.09,5986
2008-10-01 00:00:00+05:30,66.5,72.0,65.0,65.95,42364
2008-10-03 00:00:00+05:30,66.0,68.0,63.65,67.0,14017
2008-10-06 00:00:00+05:30,62.3,65.0,61.3,64.25,9770
2008-10-07 00:00:00+05:30,65.4,65.5,59.1,63.9,22687
2008-10-08 00:00:00+05:30,59.0,59.0,55.45,56.55,4063
2008-10-10 00:00:00+05:30,50.0,51.0,46.1,46.25,4677
2008-10-13 00:00:00+05:30,45.75,48.9,45.0,46.15,11687
2008-10-14 00:00:00+05:30,48.95,48.95,38.25,39.54,30843
2008-10-15 00:00:00+05:30,38.0,41.95,37.15,37.95,6810
2008-10-16 00:00:00+05:30,38.0,38.0,34.2,34.2,5880
2008-10-17 00:00:00+05:30,32.0,32.0,30.8,30.85,34496
2008-10-20 00:00:00+05:30,31.4,31.4,28.7,29.2,13110
2008-10-21 00:00:00+05:30,30.0,31.5,29.0,30.2,25254
2008-10-22 00:00:00+05:30,30.5,31.4,29.8,31.4,7916
2008-10-23 00:00:00+05:30,30.2,30.95,28.8,29.3,3950
2008-10-24 00:00:00+05:30,29.2,29.25,26.4,27.8,6338
2008-10-27 00:00:00+05:30,27.0,27.0,25.05,25.55,8525
2008-10-28 00:00:00+05:30,23.5,28.1,23.5,27.55,5410
2008-10-29 00:00:00+05:30,29.5,30.3,29.15,30.0,4195
2008-10-31 00:00:00+05:30,30.0,30.75,28.5,28.85,2948
2008-11-03 00:00:00+05:30,30.5,31.7,30.5,31.7,1790
2008-11-04 00:00:00+05:30,33.25,34.0,32.0,33.4,10260
2008-11-05 00:00:00+05:30,34.5,35.5,30.1,32.75,23631
2008-11-06 00:00:00+05:30,32.5,33.4,32.0,33.0,8930
2008-11-07 00:00:00+05:30,33.0,33.0,31.4,31.9,8301
2008-11-10 00:00:00+05:30,32.0,32.4,31.15,32.0,6312
2008-11-11 00:00:00+05:30,32.0,32.0,30.45,30.8,9235
2008-11-12 00:00:00+05:30,29.5,30.5,29.3,29.3,3201
2008-11-17 00:00:00+05:30,28.0,29.05,26.55,28.85,1838
2008-11-18 00:00:00+05:30,29.0,29.0,27.75,27.8,1469
2008-11-19 00:00:00+05:30,29.0,29.0,26.55,27.0,1112
2008-11-20 00:00:00+05:30,27.5,27.5,26.0,26.8,1299
2008-11-21 00:00:00+05:30,27.0,27.05,26.0,26.85,1895
2008-11-24 00:00:00+05:30,27.0,27.0,25.55,25.7,2534
2008-11-25 00:00:00+05:30,26.5,26.5,24.45,24.5,3829
2008-11-26 00:00:00+05:30,25.5,25.7,23.35,23.85,4078
2008-11-28 00:00:00+05:30,24.5,25.0,23.0,24.1,608
2008-12-01 00:00:00+05:30,24.0,25.0,23.35,24.3,2111
2008-12-02 00:00:00+05:30,23.5,23.7,23.1,23.1,2729
2008-12-03 00:00:00+05:30,23.5,24.0,22.55,23.25,11394
2008-12-04 00:00:00+05:30,23.95,24.0,23.1,23.55,2019
2008-12-05 00:00:00+05:30,24.65,24.65,23.2,23.5,1463
2008-12-08 00:00:00+05:30,23.5,24.55,23.5,24.55,2041
2008-12-10 00:00:00+05:30,24.0,24.05,23.65,23.75,3555
2008-12-11 00:00:00+05:30,24.0,24.0,23.5,23.7,1206
2008-12-12 00:00:00+05:30,23.5,24.85,23.25,24.75,4565
2008-12-15 00:00:00+05:30,24.15,25.45,24.0,25.05,19206
2008-12-16 00:00:00+05:30,25.95,26.3,25.15,26.3,5545
2008-12-17 00:00:00+05:30,27.6,27.6,26.2,27.35,3828
2008-12-18 00:00:00+05:30,26.8,28.5,26.75,27.3,55516
2008-12-19 00:00:00+05:30,28.2,28.65,27.0,27.95,3183
2008-12-22 00:00:00+05:30,27.55,28.5,27.15,27.45,9122
2008-12-23 00:00:00+05:30,26.75,27.45,26.25,27.15,1584
2008-12-24 00:00:00+05:30,26.55,26.55,25.8,25.95,3160
2008-12-26 00:00:00+05:30,25.55,25.8,24.7,24.7,3593
2008-12-29 00:00:00+05:30,25.15,25.25,23.5,23.7,6603
2008-12-30 00:00:00+05:30,24.3,24.35,23.25,23.65,1681
2008-12-31 00:00:00+05:30,24.05,24.5,23.85,24.0,11881
2009-01-01 00:00:00+05:30,24.75,25.05,24.0,24.85,18483
2009-01-02 00:00:00+05:30,26.0,26.05,24.7,26.05,20026
2009-01-05 00:00:00+05:30,26.6,26.85,26.0,26.25,34586
2009-01-06 00:00:00+05:30,26.6,27.55,26.6,27.25,8163
2009-01-07 00:00:00+05:30,27.8,27.8,24.55,24.55,12197
2009-01-09 00:00:00+05:30,22.15,22.15,22.1,22.1,20687
2009-01-12 00:00:00+05:30,22.45,22.7,21.35,21.85,8306
2009-01-13 00:00:00+05:30,22.3,22.95,21.7,22.55,4849
2009-01-14 00:00:00+05:30,24.3,24.3,22.5,23.15,2022
2009-01-15 00:00:00+05:30,22.2,22.55,21.5,21.7,1240
2009-01-16 00:00:00+05:30,22.7,22.75,21.0,21.7,3160
2009-01-19 00:00:00+05:30,23.65,23.65,21.7,22.95,2555
2009-01-20 00:00:00+05:30,22.5,23.0,21.65,22.0,4982
2009-01-21 00:00:00+05:30,21.75,22.75,20.05,20.9,17133
2009-01-22 00:00:00+05:30,21.2,21.75,20.75,20.75,992
2009-01-23 00:00:00+05:30,20.45,21.9,20.45,21.25,4636
2009-01-27 00:00:00+05:30,21.25,21.25,20.55,20.9,5024
2009-01-28 00:00:00+05:30,20.9,21.1,19.5,20.0,9720
2009-01-29 00:00:00+05:30,21.0,21.4,20.6,21.0,3879
2009-01-30 00:00:00+05:30,21.0,21.2,20.39,21.2,719
2009-02-02 00:00:00+05:30,21.5,21.5,19.8,20.75,3088
2009-02-03 00:00:00+05:30,20.75,21.0,19.0,19.75,11572
2009-02-04 00:00:00+05:30,18.8,20.45,18.75,19.75,2350
2009-02-05 00:00:00+05:30,19.8,20.9,19.8,20.05,10091
2009-02-06 00:00:00+05:30,20.8,21.0,20.0,20.1,601
2009-02-09 00:00:00+05:30,20.14,20.65,19.5,20.14,10752
2009-02-10 00:00:00+05:30,20.25,22.15,19.5,22.15,14043
2009-02-11 00:00:00+05:30,23.7,23.7,21.15,21.65,53785
2009-02-12 00:00:00+05:30,21.9,23.2,21.6,22.6,38876
2009-02-13 00:00:00+05:30,22.9,23.4,22.25,22.55,6750
2009-02-17 00:00:00+05:30,22.0,22.0,20.5,21.35,11403
2009-02-18 00:00:00+05:30,20.9,21.3,20.6,20.9,972
2009-02-19 00:00:00+05:30,20.9,21.35,20.85,21.1,15952
2009-02-20 00:00:00+05:30,20.2,20.6,20.1,20.14,2900
2009-02-24 00:00:00+05:30,19.64,20.39,19.3,20.14,2402
2009-02-25 00:00:00+05:30,20.35,20.35,19.5,19.8,777
2009-02-26 00:00:00+05:30,19.6,20.45,19.3,19.5,1301
2009-02-27 00:00:00+05:30,20.0,20.0,18.75,19.45,1837
2009-03-02 00:00:00+05:30,19.39,20.0,19.3,19.85,2069
2009-03-03 00:00:00+05:30,18.0,19.7,18.0,19.2,334
2009-03-04 00:00:00+05:30,19.05,19.7,18.89,19.0,677
2009-03-05 00:00:00+05:30,17.8,19.6,17.8,18.5,2233
2009-03-06 00:00:00+05:30,17.6,19.0,17.0,18.85,2890
2009-03-09 00:00:00+05:30,18.95,19.0,17.8,18.85,1782
2009-03-12 00:00:00+05:30,18.0,19.89,18.0,18.25,5028
2009-03-13 00:00:00+05:30,19.64,19.7,18.25,18.75,4049
2009-03-16 00:00:00+05:30,18.7,19.8,18.7,19.64,1852
2009-03-18 00:00:00+05:30,19.64,20.7,19.0,19.89,10431
2009-03-19 00:00:00+05:30,20.5,22.4,20.5,22.05,24392
2009-03-20 00:00:00+05:30,22.45,22.5,21.0,21.5,19059
2009-03-23 00:00:00+05:30,22.0,22.9,21.75,21.9,11382
2009-03-24 00:00:00+05:30,22.0,22.75,21.35,22.1,9819
2009-03-26 00:00:00+05:30,21.1,22.6,21.1,22.1,6721
2009-03-27 00:00:00+05:30,22.0,22.45,21.3,21.55,2850
2009-03-30 00:00:00+05:30,22.6,22.6,21.0,21.4,1466
2009-03-31 00:00:00+05:30,22.4,22.5,21.3,22.0,6688
2009-04-01 00:00:00+05:30,22.9,23.0,22.15,22.55,5879
2009-04-02 00:00:00+05:30,23.05,24.0,22.5,22.6,5332
2009-04-06 00:00:00+05:30,23.8,24.5,23.05,23.85,3523
2009-04-08 00:00:00+05:30,22.05,25.9,22.05,25.2,14042
2009-04-09 00:00:00+05:30,26.0,26.9,25.45,25.8,8155
2009-04-13 00:00:00+05:30,26.4,29.9,26.4,29.3,11172
2009-04-15 00:00:00+05:30,28.0,31.0,28.0,29.5,16837
2009-04-16 00:00:00+05:30,30.3,31.2,27.5,27.9,15516
2009-04-17 00:00:00+05:30,27.5,30.4,27.25,27.35,5027
2009-04-20 00:00:00+05:30,28.0,30.5,28.0,28.55,20553
2009-04-21 00:00:00+05:30,28.9,29.0,27.0,27.35,11777
2009-04-22 00:00:00+05:30,28.0,28.45,26.75,26.95,2914
2009-04-23 00:00:00+05:30,28.4,28.4,27.0,27.5,4413
2009-04-24 00:00:00+05:30,29.5,29.5,27.0,27.15,3539
2009-04-27 00:00:00+05:30,27.75,27.75,26.25,26.6,3451
2009-04-28 00:00:00+05:30,26.3,26.5,25.0,25.1,4016
2009-04-29 00:00:00+05:30,25.95,26.0,24.3,24.75,2055
2009-05-04 00:00:00+05:30,26.0,27.6,25.85,27.25,10483
2009-05-05 00:00:00+05:30,27.8,28.0,27.0,27.25,7855
2009-05-06 00:00:00+05:30,25.95,28.75,25.95,27.35,16101
2009-05-07 00:00:00+05:30,27.5,27.65,26.6,26.8,3820
2009-05-08 00:00:00+05:30,30.95,30.95,26.25,26.6,4468
2009-05-11 00:00:00+05:30,27.0,27.0,25.75,26.3,2858
2009-05-12 00:00:00+05:30,26.1,27.15,26.1,26.8,3264
2009-05-13 00:00:00+05:30,27.45,27.45,26.4,26.55,5480
2009-05-14 00:00:00+05:30,26.45,26.75,26.05,26.1,1801
2009-05-19 00:00:00+05:30,28.0,29.7,28.0,28.65,10405
2009-05-20 00:00:00+05:30,28.6,33.45,28.6,32.45,20978
2009-05-21 00:00:00+05:30,32.5,38.2,32.5,36.6,25231
2009-05-22 00:00:00+05:30,34.2,38.0,34.2,36.04,14421
2009-05-25 00:00:00+05:30,37.0,39.65,36.6,39.65,22200
2009-05-26 00:00:00+05:30,42.95,42.95,38.15,38.5,28221
2009-05-27 00:00:00+05:30,39.1,41.8,39.1,40.9,7641
2009-05-28 00:00:00+05:30,42.5,43.35,41.05,41.6,12013
2009-05-29 00:00:00+05:30,42.0,43.0,40.25,40.85,13251
2009-06-01 00:00:00+05:30,41.5,44.9,41.3,43.9,38455
2009-06-02 00:00:00+05:30,47.9,47.9,42.55,43.3,25083
2009-06-03 00:00:00+05:30,45.0,47.6,43.75,47.4,50635
2009-06-04 00:00:00+05:30,47.6,49.9,47.5,49.05,42036
2009-06-05 00:00:00+05:30,50.0,52.55,48.05,49.5,42522
2009-06-08 00:00:00+05:30,52.0,53.3,44.6,45.9,47185
2009-06-09 00:00:00+05:30,42.7,46.9,42.7,45.3,24284
2009-06-10 00:00:00+05:30,48.0,49.8,47.1,49.8,37050
2009-06-11 00:00:00+05:30,53.4,53.4,47.0,48.25,56507
2009-06-12 00:00:00+05:30,49.9,49.9,43.5,44.2,54068
2009-06-15 00:00:00+05:30,44.0,45.4,41.05,43.0,47607
2009-06-16 00:00:00+05:30,41.15,45.35,40.1,45.1,67274
2009-06-17 00:00:00+05:30,45.5,45.55,43.3,44.25,57747
2009-06-18 00:00:00+05:30,44.5,44.75,42.5,43.3,60872
2009-06-19 00:00:00+05:30,43.5,43.8,42.0,42.9,63808
2009-06-22 00:00:00+05:30,43.05,44.35,43.0,44.0,53812
2009-06-23 00:00:00+05:30,43.05,46.45,40.54,45.4,99342
2009-06-24 00:00:00+05:30,45.5,48.3,45.5,47.6,95050
2009-06-25 00:00:00+05:30,48.9,49.0,46.4,46.75,48605
2009-06-26 00:00:00+05:30,48.0,48.85,46.5,47.0,69903
2009-06-29 00:00:00+05:30,47.5,48.85,47.2,47.45,40178
2009-06-30 00:00:00+05:30,47.05,47.35,43.2,46.45,38452
2009-07-01 00:00:00+05:30,46.0,46.0,43.65,44.05,30433
2009-07-02 00:00:00+05:30,43.9,43.9,41.25,41.8,31962
2009-07-03 00:00:00+05:30,45.5,45.5,41.5,41.95,48835
2009-07-06 00:00:00+05:30,43.0,44.0,41.5,42.0,33904
2009-07-08 00:00:00+05:30,41.5,43.05,38.5,41.35,50020
2009-07-09 00:00:00+05:30,42.2,42.2,39.79,40.75,37331
2009-07-10 00:00:00+05:30,40.54,41.0,37.0,38.25,26410
2009-07-13 00:00:00+05:30,37.85,39.0,34.75,36.29,34070
2009-07-14 00:00:00+05:30,37.4,38.0,36.75,37.65,25544
2009-07-15 00:00:00+05:30,37.85,40.6,37.79,39.9,36008
2009-07-16 00:00:00+05:30,40.6,41.45,39.79,40.5,38901
2009-07-17 00:00:00+05:30,40.5,44.8,40.5,44.1,44117
2009-07-20 00:00:00+05:30,44.0,48.5,44.0,47.2,154434
2009-07-21 00:00:00+05:30,49.85,50.5,45.5,46.25,50507
2009-07-22 00:00:00+05:30,47.8,49.5,45.5,47.4,33886
2009-07-23 00:00:00+05:30,47.0,47.9,46.6,46.9,7884
2009-07-24 00:00:00+05:30,47.0,48.0,46.0,46.95,11926
2009-07-27 00:00:00+05:30,46.95,49.0,46.7,47.6,16570
2009-07-28 00:00:00+05:30,47.5,48.35,45.7,46.25,7398
2009-07-29 00:00:00+05:30,46.5,47.75,43.0,45.35,30670
2009-08-03 00:00:00+05:30,46.1,46.3,44.1,45.15,14012
2009-08-04 00:00:00+05:30,45.25,46.75,44.1,44.8,16290
2009-08-05 00:00:00+05:30,45.5,46.45,44.8,46.2,10029
2009-08-06 00:00:00+05:30,46.1,46.1,44.15,44.65,6603
2009-08-07 00:00:00+05:30,45.95,46.0,42.2,42.9,12365
2009-08-10 00:00:00+05:30,43.05,44.95,42.5,44.0,34708
2009-08-11 00:00:00+05:30,47.0,52.35,45.9,51.1,187882
2009-08-12 00:00:00+05:30,50.85,61.3,49.8,61.3,588623
2009-08-13 00:00:00+05:30,65.55,72.3,63.4,66.45,839605
2009-08-14 00:00:00+05:30,66.95,69.0,64.5,65.3,1168366
2009-08-17 00:00:00+05:30,65.05,68.65,63.2,66.59,273729
2009-08-18 00:00:00+05:30,68.0,69.9,66.5,69.0,297633
2009-08-19 00:00:00+05:30,69.34,75.9,69.15,75.75,494260
2009-08-21 00:00:00+05:30,70.0,73.4,68.09,69.0,141838
2009-08-25 00:00:00+05:30,71.0,74.75,70.5,73.2,223794
2009-08-27 00:00:00+05:30,75.0,76.45,74.0,75.05,119513
2009-08-31 00:00:00+05:30,73.5,75.4,73.5,73.8,48489
2009-09-02 00:00:00+05:30,69.5,71.8,68.4,68.7,25586
2009-09-04 00:00:00+05:30,71.65,72.84,70.0,70.4,34327
2009-09-07 00:00:00+05:30,71.9,77.59,71.84,75.15,159054
2009-09-09 00:00:00+05:30,74.0,75.0,71.55,72.34,58363
2009-09-10 00:00:00+05:30,74.0,74.09,69.25,69.84,47306
2009-09-14 00:00:00+05:30,73.0,74.5,70.0,72.45,175257
2009-09-15 00:00:00+05:30,73.4,73.5,69.0,69.59,55589
2009-09-16 00:00:00+05:30,71.0,71.0,65.34,66.9,50436
2009-09-17 00:00:00+05:30,65.2,71.5,65.15,67.5,150011
2009-09-18 00:00:00+05:30,69.5,69.5,66.59,67.25,23925
2009-09-22 00:00:00+05:30,68.7,69.5,66.7,68.45,47963
2009-09-23 00:00:00+05:30,69.5,82.1,68.7,82.1,418875
2009-09-24 00:00:00+05:30,83.0,95.4,83.0,87.7,1569179
2009-09-25 00:00:00+05:30,88.0,91.45,86.3,86.9,294969
2009-09-29 00:00:00+05:30,89.4,91.95,83.35,84.0,277662
2009-09-30 00:00:00+05:30,84.85,100.8,84.85,95.7,1809154
2009-10-01 00:00:00+05:30,96.0,99.4,94.3,95.7,612562
2009-10-05 00:00:00+05:30,95.0,103.4,93.15,100.1,1086702
2009-10-06 00:00:00+05:30,101.5,115.25,101.5,109.55,2074866
2009-10-07 00:00:00+05:30,110.5,118.2,110.5,112.45,986110
2009-10-08 00:00:00+05:30,113.7,114.45,108.4,109.45,333837
2009-10-09 00:00:00+05:30,110.9,126.85,110.9,119.5,2305242
2009-10-12 00:00:00+05:30,121.4,128.1,119.1,125.25,1952088
2009-10-15 00:00:00+05:30,13.25,14.25,12.95,13.75,7602910
2009-10-16 00:00:00+05:30,13.95,14.6,13.65,13.8,4277379
2009-10-20 00:00:00+05:30,14.2,15.25,13.9,14.35,6664859
2009-10-21 00:00:00+05:30,14.55,14.8,13.8,14.0,4063023
2009-10-22 00:00:00+05:30,14.4,14.6,14.0,14.2,2595211
2009-10-23 00:00:00+05:30,14.65,14.9,12.8,12.9,6692157
2009-10-26 00:00:00+05:30,11.65,13.1,11.65,12.25,1520795
2009-10-27 00:00:00+05:30,12.15,12.4,11.75,11.85,1468286
2009-10-28 00:00:00+05:30,11.95,11.95,11.0,11.1,800900
2009-10-29 00:00:00+05:30,10.9,12.2,10.1,12.2,1081364
2009-10-30 00:00:00+05:30,13.2,13.4,12.6,13.4,1790018
2009-11-03 00:00:00+05:30,14.4,14.4,12.52,12.63,2579820
2009-11-04 00:00:00+05:30,13.4,13.4,12.3,12.67,988449
2009-11-05 00:00:00+05:30,13.25,13.25,12.05,12.41,724232
2009-11-06 00:00:00+05:30,12.55,13.35,11.17,11.25,1979654
2009-11-09 00:00:00+05:30,11.5,11.89,11.0,11.63,446237
2009-11-10 00:00:00+05:30,12.0,12.0,11.3,11.42,395185
2009-11-11 00:00:00+05:30,11.59,11.6,11.2,11.33,299925
2009-11-12 00:00:00+05:30,11.2,11.6,10.9,11.32,340216
2009-11-13 00:00:00+05:30,11.39,11.58,11.05,11.11,296513
2009-11-16 00:00:00+05:30,11.15,11.33,10.9,11.01,224091
2009-11-17 00:00:00+05:30,11.07,11.48,10.8,11.05,232337
2009-11-18 00:00:00+05:30,11.1,12.3,10.9,11.88,923143
2009-11-19 00:00:00+05:30,11.6,12.4,11.6,11.8,621750
2009-11-20 00:00:00+05:30,11.9,12.1,11.61,11.69,396697
2009-11-23 00:00:00+05:30,11.72,12.08,11.68,11.82,273130
2009-11-24 00:00:00+05:30,11.75,12.07,11.53,11.61,168054
2009-11-25 00:00:00+05:30,11.75,11.85,11.32,11.4,138801
2009-11-26 00:00:00+05:30,11.25,11.25,9.13,11.04,208243
2009-11-27 00:00:00+05:30,10.75,11.0,10.14,10.4,293483
2009-12-01 00:00:00+05:30,10.55,11.4,10.55,11.07,358584
2009-12-02 00:00:00+05:30,11.22,11.4,10.96,11.06,172241
2009-12-03 00:00:00+05:30,11.15,11.95,11.06,11.53,523117
2009-12-04 00:00:00+05:30,11.5,11.95,11.3,11.82,442546
2009-12-07 00:00:00+05:30,12.0,12.35,12.0,12.22,518080
2009-12-08 00:00:00+05:30,12.6,12.65,12.2,12.36,483214
2009-12-09 00:00:00+05:30,12.1,12.95,12.1,12.4,499848
2009-12-10 00:00:00+05:30,12.35,14.88,12.35,14.88,6299203
2009-12-11 00:00:00+05:30,15.5,17.75,15.5,15.98,13775770
2009-12-14 00:00:00+05:30,16.0,16.6,15.35,15.48,4221600
2009-12-15 00:00:00+05:30,15.6,16.1,14.41,15.24,5310467
2009-12-16 00:00:00+05:30,15.0,15.87,14.9,15.29,1513131
2009-12-17 00:00:00+05:30,15.54,16.0,15.27,15.41,1651170
2009-12-18 00:00:00+05:30,15.45,15.53,14.8,14.84,818823
2009-12-21 00:00:00+05:30,14.45,15.15,14.1,14.61,789385
2009-12-22 00:00:00+05:30,14.81,15.25,14.35,14.68,978842
2009-12-23 00:00:00+05:30,14.7,15.19,14.38,14.59,621053
2009-12-24 00:00:00+05:30,14.85,14.94,14.32,14.4,520147
2009-12-29 00:00:00+05:30,14.2,15.0,13.91,14.08,446037
2009-12-30 00:00:00+05:30,14.25,14.35,13.76,14.07,588618
2009-12-31 00:00:00+05:30,14.15,16.5,14.07,15.04,6341693
2010-01-04 00:00:00+05:30,15.5,17.39,15.45,15.6,13167780
2010-01-05 00:00:00+05:30,16.0,16.25,14.4,14.55,9071696
2010-01-06 00:00:00+05:30,14.8,15.25,13.95,14.0,7915516
2010-01-07 00:00:00+05:30,14.25,14.8,14.0,14.4,3255345
2010-01-08 00:00:00+05:30,14.6,15.0,14.4,14.8,1757362
2010-01-11 00:00:00+05:30,15.35,15.5,14.85,15.0,2667765
2010-01-12 00:00:00+05:30,14.85,14.95,14.35,14.4,1773711
2010-01-13 00:00:00+05:30,14.05,15.15,14.05,14.9,1706438
2010-01-14 00:00:00+05:30,15.0,15.1,14.25,14.7,902890
2010-01-15 00:00:00+05:30,14.7,15.7,14.5,15.55,6223949
2010-01-18 00:00:00+05:30,16.0,16.45,15.6,15.75,11914007
2010-01-19 00:00:00+05:30,16.25,16.35,15.15,15.25,2916236
2010-01-20 00:00:00+05:30,15.4,15.5,14.85,14.9,2520281
2010-01-21 00:00:00+05:30,15.0,15.0,14.4,14.5,1051977
2010-01-22 00:00:00+05:30,14.0,14.35,13.5,14.1,1166607
2010-01-25 00:00:00+05:30,14.0,14.4,13.8,14.15,514334
2010-01-27 00:00:00+05:30,14.3,14.3,13.0,13.25,747562
2010-01-29 00:00:00+05:30,13.1,14.45,12.6,14.0,1412634
2010-02-01 00:00:00+05:30,14.35,14.8,13.8,13.99,1858769
2010-02-02 00:00:00+05:30,14.35,14.55,13.65,13.72,1796885
2010-02-03 00:00:00+05:30,14.05,15.0,13.9,14.01,1040767
2010-02-04 00:00:00+05:30,14.14,14.5,13.9,13.98,1694706
2010-02-05 00:00:00+05:30,13.6,13.85,13.2,13.32,590278
2010-02-08 00:00:00+05:30,13.8,13.95,13.33,13.45,443810
2010-02-09 00:00:00+05:30,13.6,13.6,13.27,13.32,374439
2010-02-10 00:00:00+05:30,13.5,13.63,13.32,13.4,562435
2010-02-11 00:00:00+05:30,13.36,13.5,13.23,13.29,239319
2010-02-15 00:00:00+05:30,13.48,13.9,12.85,12.99,397927
2010-02-16 00:00:00+05:30,13.21,14.05,13.11,13.24,564808
2010-02-17 00:00:00+05:30,13.6,13.6,13.27,13.39,538884
2010-02-18 00:00:00+05:30,13.5,13.54,13.21,13.24,308585
2010-02-19 00:00:00+05:30,13.15,13.2,12.86,12.98,338956
2010-02-22 00:00:00+05:30,13.5,13.5,12.85,12.93,302005
2010-02-23 00:00:00+05:30,12.98,13.0,12.7,12.72,227594
2010-02-24 00:00:00+05:30,12.69,12.82,12.25,12.44,386767
2010-02-25 00:00:00+05:30,12.2,12.5,12.1,12.15,271248
2010-02-26 00:00:00+05:30,6.1,7.29,6.1,7.29,1436696
2010-03-02 00:00:00+05:30,8.15,8.15,7.4,7.55,3272559
2010-03-03 00:00:00+05:30,7.8,7.8,7.25,7.38,723153
2010-03-04 00:00:00+05:30,7.4,7.59,7.11,7.15,539876
2010-03-05 00:00:00+05:30,7.15,7.3,6.84,6.97,1572742
2010-03-08 00:00:00+05:30,7.0,7.0,6.75,6.78,925468
2010-03-09 00:00:00+05:30,6.8,6.8,6.51,6.6,735792
2010-03-10 00:00:00+05:30,6.85,6.85,6.36,6.4,597913
2010-03-11 00:00:00+05:30,6.75,6.75,6.15,6.26,590292
2010-03-12 00:00:00+05:30,6.26,6.28,6.06,6.08,637094
2010-03-15 00:00:00+05:30,6.18,6.18,5.94,5.97,799815
2010-03-16 00:00:00+05:30,6.0,6.05,5.86,5.89,644078
2010-03-17 00:00:00+05:30,5.98,6.99,5.9,5.94,4735331
2010-03-18 00:00:00+05:30,6.08,6.3,5.95,6.0,1078874
2010-03-19 00:00:00+05:30,6.09,6.24,5.96,5.98,758141
2010-03-22 00:00:00+05:30,5.98,6.04,5.9,5.91,390545
2010-03-23 00:00:00+05:30,6.05,6.51,5.85,5.88,536608
2010-03-25 00:00:00+05:30,6.0,6.15,5.46,5.72,2668510
2010-03-26 00:00:00+05:30,5.8,5.84,5.57,5.62,608385
2010-03-29 00:00:00+05:30,5.63,5.7,5.35,5.4,790361
2010-03-30 00:00:00+05:30,5.6,5.6,5.33,5.37,685665
2010-03-31 00:00:00+05:30,5.4,5.44,5.31,5.33,399455
2010-04-01 00:00:00+05:30,5.39,5.8,5.0,5.01,14691412
2010-04-05 00:00:00+05:30,5.2,5.8,4.96,5.04,3706098
2010-04-06 00:00:00+05:30,5.09,5.48,4.96,5.01,2456044
2010-04-07 00:00:00+05:30,5.03,5.28,4.98,5.01,2703158
2010-04-08 00:00:00+05:30,5.05,5.4,4.98,5.0,2011494
2010-04-09 00:00:00+05:30,5.01,5.05,4.96,5.0,4309211
2010-04-12 00:00:00+05:30,5.19,6.0,5.01,5.98,12944877
2010-04-13 00:00:00+05:30,6.12,6.6,5.85,6.0,9718739
2010-04-15 00:00:00+05:30,6.35,6.35,5.9,6.01,4400765
2010-04-16 00:00:00+05:30,6.1,6.45,6.03,6.32,6904675
2010-04-19 00:00:00+05:30,6.25,6.8,5.97,6.03,15780547
2010-04-20 00:00:00+05:30,6.19,6.5,5.2,5.27,30424851
2010-04-21 00:00:00+05:30,5.3,5.87,4.96,5.0,26688705
2010-04-22 00:00:00+05:30,5.24,5.4,4.96,5.01,20826167
2010-04-23 00:00:00+05:30,5.01,5.53,5.01,5.48,20268220
2010-04-26 00:00:00+05:30,5.6,5.94,4.96,4.99,41675256
2010-04-27 00:00:00+05:30,5.05,5.2,4.97,5.05,19190297
2010-04-28 00:00:00+05:30,5.0,5.15,4.46,4.55,20130906
2010-04-29 00:00:00+05:30,4.75,4.88,4.49,4.51,16593727
2010-04-30 00:00:00+05:30,4.55,4.74,3.98,4.11,36609893
2010-05-03 00:00:00+05:30,4.18,4.19,4.03,4.13,7942382
2010-05-04 00:00:00+05:30,4.18,4.34,4.03,4.13,13210688
2010-05-05 00:00:00+05:30,4.01,4.12,3.6,4.07,6466628
2010-05-06 00:00:00+05:30,4.0,4.12,3.97,4.05,3323501
2010-05-07 00:00:00+05:30,4.0,4.0,3.87,3.88,2778588
2010-05-10 00:00:00+05:30,4.0,4.09,3.98,4.01,1859231
2010-05-11 00:00:00+05:30,4.05,4.05,3.94,3.95,1330409
2010-05-12 00:00:00+05:30,3.97,4.0,3.9,3.92,1564251
2010-05-13 00:00:00+05:30,3.93,3.97,3.84,3.85,1186693
2010-05-14 00:00:00+05:30,3.82,3.85,3.7,3.71,1856613
2010-05-17 00:00:00+05:30,3.65,3.65,3.45,3.59,1765001
2010-05-18 00:00:00+05:30,3.55,3.94,3.52,3.94,2628703
2010-05-19 00:00:00+05:30,4.13,4.25,3.87,3.91,4074883
2010-05-20 00:00:00+05:30,3.96,3.98,3.76,3.8,2770607
2010-05-21 00:00:00+05:30,3.71,3.74,3.56,3.7,1794024
2010-05-24 00:00:00+05:30,3.8,3.86,3.72,3.75,1453636
2010-05-25 00:00:00+05:30,3.75,3.75,3.5,3.52,2016870
2010-05-26 00:00:00+05:30,3.62,3.68,3.6,3.64,1447993
2010-05-27 00:00:00+05:30,3.52,3.66,3.52,3.63,808869
2010-05-28 00:00:00+05:30,3.7,3.9,3.66,3.75,1750947
2010-05-31 00:00:00+05:30,3.8,3.94,3.7,3.77,4496446
2010-06-01 00:00:00+05:30,3.72,4.09,3.71,3.79,5854236
2010-06-02 00:00:00+05:30,3.82,4.08,3.72,3.92,11381519
2010-06-03 00:00:00+05:30,3.89,3.93,3.55,3.64,15417877
2010-06-04 00:00:00+05:30,3.66,3.83,3.59,3.77,8108302
2010-06-07 00:00:00+05:30,3.66,3.87,3.61,3.75,4618758
2010-06-08 00:00:00+05:30,3.75,3.75,3.62,3.69,3111420
2010-06-09 00:00:00+05:30,3.72,3.92,3.65,3.67,10896348
2010-06-10 00:00:00+05:30,3.7,3.73,3.64,3.66,1395050
2010-06-11 00:00:00+05:30,3.7,3.78,3.62,3.63,1802947
2010-06-14 00:00:00+05:30,3.67,3.8,3.6,3.65,4364645
2010-06-15 00:00:00+05:30,3.65,3.82,3.62,3.71,5015145
2010-06-16 00:00:00+05:30,3.75,3.81,3.7,3.71,3357031
2010-06-17 00:00:00+05:30,3.72,3.84,3.68,3.7,5098445
2010-06-18 00:00:00+05:30,3.74,3.81,3.65,3.65,5118452
2010-06-21 00:00:00+05:30,3.69,3.72,3.63,3.64,1487604
2010-06-22 00:00:00+05:30,3.68,3.69,3.6,3.6,1453076
2010-06-23 00:00:00+05:30,3.62,3.94,3.61,3.84,7238514
2010-06-24 00:00:00+05:30,3.88,4.22,3.88,4.22,7362952
2010-06-25 00:00:00+05:30,4.63,4.63,3.8,3.83,43988833
2010-06-28 00:00:00+05:30,3.98,4.01,3.72,3.83,7638993
2010-06-29 00:00:00+05:30,3.85,4.08,3.58,3.68,23903317
2010-06-30 00:00:00+05:30,3.6,3.73,3.51,3.51,19283637
2010-07-01 00:00:00+05:30,3.59,3.69,3.5,3.51,28576203
2010-07-02 00:00:00+05:30,3.6,3.82,3.52,3.73,26149004
2010-07-05 00:00:00+05:30,3.69,4.09,3.5,3.51,29151253
2010-07-06 00:00:00+05:30,3.55,3.62,3.5,3.51,29720178
2010-07-07 00:00:00+05:30,3.51,3.6,3.21,3.27,36013167
2010-07-08 00:00:00+05:30,3.35,3.44,3.25,3.29,11632715
2010-07-09 00:00:00+05:30,3.32,3.64,3.29,3.46,17500502
2010-07-12 00:00:00+05:30,3.6,3.7,3.25,3.26,28495691
2010-07-13 00:00:00+05:30,3.3,3.36,3.25,3.25,23173068
2010-07-14 00:00:00+05:30,3.38,3.38,3.0,3.01,34541641
2010-07-15 00:00:00+05:30,3.03,3.17,2.92,3.02,35828106
2010-07-16 00:00:00+05:30,3.04,3.07,3.0,3.0,11189433
2010-07-19 00:00:00+05:30,3.0,3.24,2.95,3.15,16299048
2010-07-20 00:00:00+05:30,3.01,3.14,3.0,3.0,15037030
2010-07-21 00:00:00+05:30,3.04,3.5,3.0,3.0,25584221
2010-07-22 00:00:00+05:30,3.01,3.1,2.9,3.0,20307330
2010-07-23 00:00:00+05:30,3.01,3.03,2.75,2.76,31262684
2010-07-26 00:00:00+05:30,2.77,2.84,2.75,2.76,12145847
2010-07-27 00:00:00+05:30,2.76,2.77,2.75,2.75,3443064
2010-07-28 00:00:00+05:30,2.75,2.82,2.75,2.76,14704024
2010-07-29 00:00:00+05:30,2.83,2.83,2.75,2.75,11852433
2010-07-30 00:00:00+05:30,2.77,2.78,2.6,2.76,5426427
2010-08-02 00:00:00+05:30,2.77,2.78,2.54,2.58,11270081
2010-08-03 00:00:00+05:30,2.54,2.63,2.54,2.58,10175307
2010-08-04 00:00:00+05:30,2.58,2.61,2.56,2.58,4167131
2010-08-05 00:00:00+05:30,2.58,2.6,2.5,2.5,9152595
2010-08-06 00:00:00+05:30,2.5,2.52,2.5,2.5,2708214
2010-08-09 00:00:00+05:30,2.52,2.52,2.5,2.5,4009907
2010-08-10 00:00:00+05:30,2.5,2.5,2.37,2.4,6366922
2010-08-11 00:00:00+05:30,2.41,2.65,2.33,2.5,7918777
2010-08-12 00:00:00+05:30,2.54,3.01,2.45,3.01,23503645
2010-08-13 00:00:00+05:30,3.29,3.44,3.06,3.2,18984198
2010-08-16 00:00:00+05:30,3.3,3.43,3.0,3.01,18900286
2010-08-17 00:00:00+05:30,2.9,3.15,2.5,2.52,52038161
2010-08-18 00:00:00+05:30,2.65,2.85,2.5,2.5,49659716
2010-08-19 00:00:00+05:30,2.54,2.58,2.5,2.5,19632969
2010-08-20 00:00:00+05:30,2.5,2.56,2.5,2.5,6026200
2010-08-23 00:00:00+05:30,2.56,2.56,2.5,2.5,10388571
2010-08-24 00:00:00+05:30,2.54,2.54,2.45,2.5,8617957
2010-08-25 00:00:00+05:30,2.52,2.52,2.5,2.5,4498967
2010-08-26 00:00:00+05:30,2.52,2.52,2.5,2.5,2824955
2010-08-27 00:00:00+05:30,2.5,2.5,2.23,2.25,17628679
2010-08-30 00:00:00+05:30,2.27,2.39,2.27,2.36,7381977
2010-08-31 00:00:00+05:30,2.39,2.39,2.25,2.25,13280669
2010-09-01 00:00:00+05:30,2.27,2.27,2.25,2.25,8097087
2010-09-02 00:00:00+05:30,2.27,2.29,2.2,2.25,4985443
2010-09-03 00:00:00+05:30,2.27,2.29,2.24,2.27,3191074
2010-09-06 00:00:00+05:30,2.27,2.66,2.25,2.25,24187816
2010-09-07 00:00:00+05:30,2.27,2.29,2.21,2.24,8395767
2010-09-08 00:00:00+05:30,2.2,2.52,2.2,2.49,12315127
2010-09-09 00:00:00+05:30,2.5,2.54,2.4,2.41,2844900
2010-09-13 00:00:00+05:30,2.44,2.44,2.31,2.35,2840716
2010-09-14 00:00:00+05:30,2.4,2.58,2.31,2.52,8881576
2010-09-15 00:00:00+05:30,2.61,3.02,2.46,3.02,32448059
2010-09-16 00:00:00+05:30,3.25,3.4,2.73,2.88,19347720
2010-09-17 00:00:00+05:30,2.99,2.99,2.86,2.87,5448289
2010-09-20 00:00:00+05:30,2.86,2.9,2.75,2.84,4815631
2010-09-21 00:00:00+05:30,2.87,2.87,2.7,2.71,4592263
2010-09-22 00:00:00+05:30,2.71,2.73,2.59,2.63,4336404
2010-09-23 00:00:00+05:30,2.7,2.7,2.57,2.63,2331304
2010-09-24 00:00:00+05:30,2.58,2.9,2.58,2.85,5877715
2010-09-27 00:00:00+05:30,2.8,2.86,2.67,2.69,5222317
2010-09-28 00:00:00+05:30,2.72,2.79,2.66,2.7,4176409
2010-09-29 00:00:00+05:30,2.69,2.72,2.6,2.61,2918951
2010-09-30 00:00:00+05:30,2.62,2.62,2.54,2.57,2722747
2010-10-01 00:00:00+05:30,2.61,2.66,2.57,2.62,2240310
2010-10-04 00:00:00+05:30,2.65,2.67,2.6,2.61,2144304
2010-10-05 00:00:00+05:30,2.6,3.02,2.25,2.25,49054828
2010-10-06 00:00:00+05:30,2.29,2.38,2.25,2.25,32051156
2010-10-07 00:00:00+05:30,2.67,2.67,2.25,2.31,6298423
2010-10-08 00:00:00+05:30,2.31,2.35,2.31,2.31,3214773
2010-10-11 00:00:00+05:30,2.34,2.35,2.25,2.25,13297133
2010-10-12 00:00:00+05:30,2.25,2.27,2.23,2.25,4728851
2010-10-13 00:00:00+05:30,2.27,2.27,2.02,2.09,30752279
2010-10-14 00:00:00+05:30,2.14,2.2,2.12,2.18,5246613
2010-10-15 00:00:00+05:30,2.2,2.25,2.15,2.21,5547904
2010-10-18 00:00:00+05:30,2.2,2.2,2.13,2.16,3137171
2010-10-19 00:00:00+05:30,2.19,2.19,2.12,2.14,2714781
2010-10-20 00:00:00+05:30,2.11,2.14,2.0,2.02,19213759
2010-10-21 00:00:00+05:30,2.02,2.09,2.0,2.02,10076286
2010-10-22 00:00:00+05:30,2.02,2.04,2.0,2.02,8403736
2010-10-25 00:00:00+05:30,2.04,2.04,2.02,2.02,2917503
2010-10-26 00:00:00+05:30,2.04,2.04,2.02,2.02,3012085
2010-10-27 00:00:00+05:30,2.02,2.04,2.0,2.0,3492813
2010-10-28 00:00:00+05:30,2.02,2.02,2.0,2.0,2486412
2010-10-29 00:00:00+05:30,2.0,2.04,1.91,1.93,5093657
2010-11-01 00:00:00+05:30,1.95,2.25,1.95,1.98,1525539
2010-11-02 00:00:00+05:30,1.99,2.0,1.96,1.96,2406548
2010-11-03 00:00:00+05:30,1.96,1.98,1.95,1.95,1832216
2010-11-04 00:00:00+05:30,1.98,1.98,1.89,1.93,4031792
2010-11-05 00:00:00+05:30,1.95,1.97,1.92,1.95,1035197
2010-11-08 00:00:00+05:30,1.96,1.98,1.92,1.95,2577113
2010-11-09 00:00:00+05:30,1.95,2.12,1.67,1.82,25913219
2010-11-10 00:00:00+05:30,1.82,1.94,1.74,1.78,18303274
2010-11-11 00:00:00+05:30,1.82,1.87,1.74,1.78,11765205
2010-11-12 00:00:00+05:30,1.79,1.81,1.76,1.78,3874600
2010-11-15 00:00:00+05:30,1.79,1.82,1.71,1.74,5152550
2010-11-16 00:00:00+05:30,1.74,1.74,1.65,1.66,4929109
2010-11-18 00:00:00+05:30,1.66,1.7,1.62,1.63,6174102
2010-11-19 00:00:00+05:30,1.64,1.7,1.55,1.57,4103609
2010-11-22 00:00:00+05:30,1.59,1.6,1.57,1.57,3026192
2010-11-23 00:00:00+05:30,1.55,1.57,1.45,1.47,4789151
2010-11-24 00:00:00+05:30,1.49,1.49,1.45,1.46,2658923
2010-11-25 00:00:00+05:30,1.48,1.48,1.34,1.35,4606250
2010-11-26 00:00:00+05:30,1.39,1.39,1.11,1.24,8781976
2010-11-29 00:00:00+05:30,1.26,1.32,1.2,1.3,4485671
2010-11-30 00:00:00+05:30,1.3,1.55,1.27,1.51,8329055
2010-12-01 00:00:00+05:30,1.51,1.74,1.51,1.68,11670254
2010-12-02 00:00:00+05:30,1.7,1.75,1.63,1.69,4175411
2010-12-03 00:00:00+05:30,1.7,1.77,1.51,1.57,3838258
2010-12-06 00:00:00+05:30,1.59,1.59,1.55,1.56,2457729
2010-12-07 00:00:00+05:30,1.53,1.55,1.43,1.46,2733449
2010-12-08 00:00:00+05:30,1.46,1.46,1.37,1.38,3846926
2010-12-09 00:00:00+05:30,1.39,1.39,1.3,1.31,3854191
2010-12-10 00:00:00+05:30,1.31,1.36,1.26,1.33,2819549
2010-12-13 00:00:00+05:30,1.32,1.4,1.3,1.37,2427822
2010-12-14 00:00:00+05:30,1.4,1.5,1.36,1.46,2840381
2010-12-15 00:00:00+05:30,1.48,1.48,1.38,1.46,2825756
2010-12-16 00:00:00+05:30,1.44,1.45,1.39,1.42,1874138
2010-12-20 00:00:00+05:30,1.44,1.45,1.39,1.43,2242534
2010-12-21 00:00:00+05:30,1.44,1.47,1.41,1.45,2353018
2010-12-22 00:00:00+05:30,1.45,1.52,1.42,1.48,3272590
2010-12-23 00:00:00+05:30,1.49,1.51,1.45,1.47,1885128
2010-12-24 00:00:00+05:30,1.46,1.48,1.2,1.45,2893596
2010-12-27 00:00:00+05:30,1.45,1.48,1.43,1.46,1675349
2010-12-28 00:00:00+05:30,1.47,1.48,1.45,1.46,1232412
2010-12-29 00:00:00+05:30,1.46,1.64,1.46,1.52,6394694
2010-12-30 00:00:00+05:30,1.52,1.67,1.48,1.64,5126425
2010-12-31 00:00:00+05:30,1.67,1.73,1.56,1.66,5294637
2011-01-03 00:00:00+05:30,1.66,1.72,1.66,1.68,2920126
2011-01-04 00:00:00+05:30,1.69,1.72,1.66,1.69,1776251
2011-01-05 00:00:00+05:30,1.68,1.7,1.59,1.65,4213104
2011-01-06 00:00:00+05:30,1.68,1.68,1.52,1.57,1706894
2011-01-07 00:00:00+05:30,1.54,1.57,1.51,1.55,3525875
2011-01-10 00:00:00+05:30,1.55,1.58,1.47,1.49,2352793
2011-01-11 00:00:00+05:30,1.5,1.52,1.42,1.43,2177557
2011-01-12 00:00:00+05:30,1.46,1.51,1.41,1.47,1788572
2011-01-13 00:00:00+05:30,1.47,1.5,1.46,1.46,1273046
2011-01-14 00:00:00+05:30,1.49,1.49,1.43,1.45,1973486
2011-01-17 00:00:00+05:30,1.43,1.45,1.4,1.41,1383831
2011-01-18 00:00:00+05:30,1.41,1.43,1.38,1.41,1717468
2011-01-19 00:00:00+05:30,1.41,1.41,1.36,1.36,1557363
2011-01-20 00:00:00+05:30,1.37,1.41,1.33,1.39,2022800
2011-01-21 00:00:00+05:30,1.39,1.42,1.35,1.39,1987797
2011-01-24 00:00:00+05:30,1.4,1.4,1.36,1.36,1542254
2011-01-25 00:00:00+05:30,1.38,1.39,1.36,1.36,1132128
2011-01-27 00:00:00+05:30,1.38,1.38,1.33,1.33,1320892
2011-01-28 00:00:00+05:30,1.33,1.33,1.26,1.27,1840316
2011-01-31 00:00:00+05:30,1.25,1.28,1.19,1.25,3055834
2011-02-01 00:00:00+05:30,1.28,1.29,1.24,1.24,2238980
2011-02-02 00:00:00+05:30,1.26,1.28,1.23,1.25,1664235
2011-02-03 00:00:00+05:30,1.28,1.31,1.24,1.29,2869255
2011-02-04 00:00:00+05:30,1.3,1.3,1.25,1.26,2603686
2011-02-07 00:00:00+05:30,1.3,1.3,1.23,1.26,1507193
2011-02-08 00:00:00+05:30,1.26,1.26,1.2,1.21,1844789
2011-02-09 00:00:00+05:30,1.22,1.22,1.13,1.14,2589896
2011-02-10 00:00:00+05:30,1.14,1.2,1.1,1.17,3366923
2011-02-11 00:00:00+05:30,1.18,1.21,1.14,1.2,2246707
2011-02-14 00:00:00+05:30,1.2,1.38,1.2,1.35,3241220
2011-02-15 00:00:00+05:30,1.39,1.42,1.31,1.32,3470068
2011-02-16 00:00:00+05:30,1.33,1.33,1.31,1.31,1583690
2011-02-17 00:00:00+05:30,1.31,1.35,1.23,1.31,3112422
2011-02-18 00:00:00+05:30,1.33,1.33,1.23,1.25,1574915
2011-02-21 00:00:00+05:30,1.28,1.28,1.22,1.25,1904298
2011-02-22 00:00:00+05:30,1.25,1.29,1.22,1.24,1879110
2011-02-23 00:00:00+05:30,1.23,1.25,1.21,1.21,1059259
2011-02-24 00:00:00+05:30,1.21,1.22,1.15,1.17,1491238
2011-02-25 00:00:00+05:30,1.22,1.22,1.17,1.18,1558356
2011-02-28 00:00:00+05:30,1.19,1.22,1.17,1.19,1275391
2011-03-01 00:00:00+05:30,1.19,1.22,1.19,1.2,1356200
2011-03-03 00:00:00+05:30,1.21,1.22,1.2,1.2,933884
2011-03-04 00:00:00+05:30,1.22,1.22,1.2,1.2,625700
2011-03-07 00:00:00+05:30,1.2,1.22,1.13,1.17,1394193
2011-03-08 00:00:00+05:30,1.18,1.18,1.15,1.17,879050
2011-03-09 00:00:00+05:30,1.18,1.18,1.14,1.14,917434
2011-03-10 00:00:00+05:30,1.14,1.18,1.12,1.14,1777806
2011-03-11 00:00:00+05:30,1.13,1.17,1.13,1.14,894795
2011-03-14 00:00:00+05:30,1.17,1.17,1.14,1.14,1597814
2011-03-15 00:00:00+05:30,1.14,1.14,1.11,1.12,1205147
2011-03-16 00:00:00+05:30,1.13,1.14,1.11,1.12,1134799
2011-03-17 00:00:00+05:30,1.12,1.12,1.1,1.1,1093256
2011-03-18 00:00:00+05:30,1.11,1.12,1.09,1.1,1388482
2011-03-21 00:00:00+05:30,1.17,1.17,1.08,1.1,1195503
2011-03-22 00:00:00+05:30,1.1,1.12,1.09,1.1,825819
2011-03-23 00:00:00+05:30,1.09,1.11,1.07,1.08,1409257
2011-03-24 00:00:00+05:30,1.09,1.09,1.06,1.07,1675800
2011-03-25 00:00:00+05:30,1.07,1.1,1.06,1.08,1486753
2011-03-28 00:00:00+05:30,1.09,1.09,1.06,1.06,1932817
2011-03-29 00:00:00+05:30,1.07,1.08,1.04,1.04,1580330
2011-03-30 00:00:00+05:30,1.06,1.08,1.04,1.06,855141
2011-03-31 00:00:00+05:30,1.07,1.08,1.04,1.05,925004
2011-04-01 00:00:00+05:30,1.05,1.11,1.05,1.09,1897937
2011-04-04 00:00:00+05:30,1.09,1.22,1.08,1.2,2522477
2011-04-05 00:00:00+05:30,1.22,1.26,1.17,1.24,3301205
2011-04-06 00:00:00+05:30,1.25,1.28,1.23,1.23,3530468
2011-04-07 00:00:00+05:30,1.24,1.26,1.18,1.24,1759465
2011-04-08 00:00:00+05:30,1.25,1.25,1.15,1.19,1557907
2011-04-11 00:00:00+05:30,1.15,1.2,1.15,1.17,645489
2011-04-13 00:00:00+05:30,1.17,1.22,1.17,1.2,1196572
2011-04-15 00:00:00+05:30,1.18,1.2,1.15,1.15,1055243
2011-04-18 00:00:00+05:30,1.17,1.2,1.12,1.13,1006698
2011-04-19 00:00:00+05:30,1.15,1.15,1.0,1.12,757597
2011-04-20 00:00:00+05:30,1.11,1.21,1.11,1.19,2900633
2011-04-21 00:00:00+05:30,1.2,1.2,1.18,1.18,1235438
2011-04-25 00:00:00+05:30,1.18,1.2,1.14,1.15,1554755
2011-04-26 00:00:00+05:30,1.15,1.18,1.12,1.14,1311298
2011-04-27 00:00:00+05:30,1.12,1.15,1.12,1.13,716014
2011-04-28 00:00:00+05:30,1.14,1.14,1.1,1.11,1571139
2011-04-29 00:00:00+05:30,1.13,1.13,1.11,1.12,929913
2011-05-02 00:00:00+05:30,1.14,1.14,1.06,1.11,530163
2011-05-03 00:00:00+05:30,1.1,1.12,1.08,1.08,1163875
2011-05-04 00:00:00+05:30,1.07,1.1,1.06,1.07,949040
2011-05-05 00:00:00+05:30,1.08,1.08,1.05,1.06,1223190
2011-05-06 00:00:00+05:30,1.07,1.1,1.05,1.09,1278575
2011-05-09 00:00:00+05:30,1.1,1.1,1.05,1.06,1988692
2011-05-10 00:00:00+05:30,1.07,1.08,1.06,1.07,1318621
2011-05-11 00:00:00+05:30,1.07,1.07,1.05,1.05,1153283
2011-05-12 00:00:00+05:30,1.05,1.06,1.03,1.04,617508
2011-05-13 00:00:00+05:30,1.05,1.06,1.03,1.04,1291413
2011-05-16 00:00:00+05:30,1.01,1.05,1.01,1.02,1416781
2011-05-17 00:00:00+05:30,1.04,1.08,1.02,1.05,952287
2011-05-18 00:00:00+05:30,1.04,1.08,1.02,1.02,1187973
2011-05-19 00:00:00+05:30,1.03,1.05,1.01,1.01,1749052
2011-05-20 00:00:00+05:30,1.01,1.03,1.0,1.02,1044752
2011-05-23 00:00:00+05:30,1.02,1.02,1.0,1.0,1299729
2011-05-24 00:00:00+05:30,1.01,1.01,0.96,0.97,1693261
2011-05-25 00:00:00+05:30,0.99,1.0,0.96,0.97,1503601
2011-05-26 00:00:00+05:30,0.98,0.99,0.97,0.97,1495264
2011-05-27 00:00:00+05:30,0.98,1.12,0.98,1.07,2637300
2011-05-30 00:00:00+05:30,1.07,1.07,1.02,1.04,609090
2011-05-31 00:00:00+05:30,1.04,1.07,1.0,1.02,2217818
2011-06-01 00:00:00+05:30,1.03,1.03,1.0,1.0,813551
2011-06-02 00:00:00+05:30,1.02,1.02,0.98,1.0,1117884
2011-06-03 00:00:00+05:30,1.0,1.02,0.98,0.99,1028676
2011-06-06 00:00:00+05:30,0.99,1.0,0.96,0.97,1462266
2011-06-07 00:00:00+05:30,0.96,1.0,0.96,0.97,1252750
2011-06-08 00:00:00+05:30,1.0,1.0,0.97,0.97,807381
2011-06-09 00:00:00+05:30,0.98,0.98,0.96,0.97,1847573
2011-06-10 00:00:00+05:30,0.98,0.98,0.96,0.96,963725
2011-06-13 00:00:00+05:30,0.96,1.0,0.96,0.99,1391097
2011-06-14 00:00:00+05:30,1.0,1.0,0.97,0.97,695487
2011-06-15 00:00:00+05:30,0.98,0.98,0.95,0.95,2661229
2011-06-16 00:00:00+05:30,0.95,0.95,0.93,0.93,1444203
2011-06-17 00:00:00+05:30,0.94,0.94,0.91,0.91,1196121
2011-06-20 00:00:00+05:30,0.92,0.93,0.82,0.82,4372549
2011-06-21 00:00:00+05:30,0.83,0.84,0.81,0.81,1697508
2011-06-22 00:00:00+05:30,0.81,0.81,0.72,0.73,3207781
2011-06-23 00:00:00+05:30,0.74,0.82,0.74,0.79,2757235
2011-06-24 00:00:00+05:30,0.77,0.87,0.75,0.84,3817867
2011-06-27 00:00:00+05:30,0.83,0.84,0.8,0.81,992278
2011-06-28 00:00:00+05:30,0.83,0.83,0.78,0.79,448732
2011-06-29 00:00:00+05:30,0.79,0.84,0.76,0.82,1255983
2011-06-30 00:00:00+05:30,0.82,0.85,0.8,0.83,828277
2011-07-01 00:00:00+05:30,0.82,0.86,0.81,0.83,2137000
2011-07-04 00:00:00+05:30,0.82,0.84,0.81,0.82,1088483
2011-07-05 00:00:00+05:30,0.83,0.83,0.79,0.8,1037465
2011-07-06 00:00:00+05:30,0.8,0.82,0.8,0.8,589870
2011-07-07 00:00:00+05:30,0.81,0.84,0.8,0.82,606248
2011-07-08 00:00:00+05:30,0.81,0.82,0.8,0.81,1391850
2011-07-11 00:00:00+05:30,0.82,0.82,0.79,0.8,794596
2011-07-12 00:00:00+05:30,0.8,0.81,0.78,0.79,614495
2011-07-13 00:00:00+05:30,0.8,0.83,0.79,0.81,771262
2011-07-14 00:00:00+05:30,0.8,0.82,0.79,0.8,746988
2011-07-15 00:00:00+05:30,0.8,0.82,0.8,0.8,611569
2011-07-18 00:00:00+05:30,0.81,0.81,0.79,0.8,723536
2011-07-19 00:00:00+05:30,0.81,0.82,0.75,0.79,3610841
2011-07-20 00:00:00+05:30,0.79,0.8,0.77,0.77,1838561
2011-07-21 00:00:00+05:30,0.77,0.78,0.75,0.76,1985637
2011-07-22 00:00:00+05:30,0.77,0.78,0.75,0.76,1233276
2011-07-25 00:00:00+05:30,0.77,0.77,0.75,0.76,653408
2011-07-26 00:00:00+05:30,0.77,0.77,0.72,0.75,1808377
2011-07-27 00:00:00+05:30,0.76,0.76,0.73,0.73,1216712
2011-07-28 00:00:00+05:30,0.74,0.74,0.7,0.71,1798943
2011-07-29 00:00:00+05:30,0.72,0.73,0.7,0.71,974236
2011-08-01 00:00:00+05:30,0.73,0.74,0.71,0.71,498846
2011-08-02 00:00:00+05:30,0.72,0.72,0.69,0.7,1610075
2011-08-03 00:00:00+05:30,0.72,0.72,0.68,0.68,1098892
2011-08-04 00:00:00+05:30,0.7,0.7,0.67,0.67,1530844
2011-08-05 00:00:00+05:30,0.67,0.67,0.6,0.62,2996340
2011-08-08 00:00:00+05:30,0.61,0.61,0.55,0.56,4458314
2011-08-09 00:00:00+05:30,0.55,0.57,0.51,0.56,3564542
2011-08-10 00:00:00+05:30,0.56,0.67,0.56,0.65,5865007
2011-08-11 00:00:00+05:30,0.69,0.75,0.65,0.73,3986382
2011-08-12 00:00:00+05:30,0.75,0.79,0.74,0.75,3281576
2011-08-16 00:00:00+05:30,0.77,0.78,0.65,0.65,2891655
2011-08-17 00:00:00+05:30,0.64,0.65,0.61,0.63,1952578
2011-08-18 00:00:00+05:30,0.63,0.63,0.57,0.59,867670
2011-08-19 00:00:00+05:30,0.57,0.6,0.53,0.57,3490627
2011-08-22 00:00:00+05:30,0.6,0.61,0.56,0.6,1331000
2011-08-23 00:00:00+05:30,0.61,0.65,0.61,0.62,979815
2011-08-24 00:00:00+05:30,0.62,0.64,0.62,0.62,593329
2011-08-25 00:00:00+05:30,0.62,0.63,0.6,0.61,1122116
2011-08-26 00:00:00+05:30,0.61,0.63,0.59,0.6,1355394
2011-08-29 00:00:00+05:30,0.64,0.68,0.6,0.66,4221666
2011-08-30 00:00:00+05:30,0.69,0.71,0.66,0.67,1471630
2011-09-02 00:00:00+05:30,0.67,0.68,0.64,0.67,1033843
2011-09-05 00:00:00+05:30,0.66,0.69,0.65,0.67,673406
2011-09-06 00:00:00+05:30,0.68,0.68,0.66,0.67,609388
2011-09-07 00:00:00+05:30,0.68,0.71,0.66,0.68,868645
2011-09-08 00:00:00+05:30,0.69,0.71,0.68,0.7,773611
2011-09-09 00:00:00+05:30,0.7,0.71,0.66,0.67,1595252
2011-09-12 00:00:00+05:30,0.67,0.67,0.63,0.66,1010364
2011-09-13 00:00:00+05:30,0.67,0.68,0.65,0.66,410765
2011-09-14 00:00:00+05:30,0.68,0.68,0.66,0.66,298388
2011-09-15 00:00:00+05:30,0.68,0.71,0.66,0.69,1737582
2011-09-16 00:00:00+05:30,0.71,0.71,0.67,0.67,837612
2011-09-19 00:00:00+05:30,0.67,0.7,0.66,0.67,1199245
2011-09-20 00:00:00+05:30,0.69,0.71,0.67,0.69,609967
2011-09-21 00:00:00+05:30,0.7,0.72,0.68,0.7,1906559
2011-09-22 00:00:00+05:30,0.69,0.69,0.67,0.67,1145529
2011-09-23 00:00:00+05:30,0.66,0.67,0.63,0.63,2026410
2011-09-26 00:00:00+05:30,0.65,0.65,0.61,0.62,775615
2011-09-27 00:00:00+05:30,0.64,0.66,0.62,0.64,1050858
2011-09-28 00:00:00+05:30,0.63,0.65,0.63,0.63,1639990
2011-09-29 00:00:00+05:30,0.62,0.63,0.61,0.62,400567
2011-09-30 00:00:00+05:30,0.61,0.63,0.59,0.6,634205
2011-10-03 00:00:00+05:30,0.6,0.6,0.59,0.59,318611
2011-10-04 00:00:00+05:30,0.57,0.6,0.57,0.59,444127
2011-10-05 00:00:00+05:30,0.6,0.62,0.6,0.61,769582
2011-10-07 00:00:00+05:30,0.63,0.63,0.6,0.6,561898
2011-10-10 00:00:00+05:30,0.59,0.61,0.59,0.6,1158288
2011-10-11 00:00:00+05:30,0.6,0.62,0.6,0.6,596078
2011-10-12 00:00:00+05:30,0.59,0.61,0.59,0.6,461951
2011-10-13 00:00:00+05:30,0.6,0.62,0.6,0.6,444381
2011-10-14 00:00:00+05:30,0.61,0.61,0.57,0.57,831707
2011-10-17 00:00:00+05:30,0.6,0.6,0.56,0.56,483261
2011-10-18 00:00:00+05:30,0.56,0.62,0.53,0.59,2603838
2011-10-19 00:00:00+05:30,0.6,0.61,0.59,0.59,848984
2011-10-20 00:00:00+05:30,0.59,0.6,0.56,0.57,733579
2011-10-21 00:00:00+05:30,0.57,0.6,0.57,0.57,405479
2011-10-24 00:00:00+05:30,0.57,0.6,0.57,0.57,752356
2011-10-25 00:00:00+05:30,0.59,0.6,0.57,0.57,323987
2011-10-26 00:00:00+05:30,0.59,0.59,0.56,0.57,497014
2011-10-28 00:00:00+05:30,0.59,0.62,0.57,0.59,584336
2011-10-31 00:00:00+05:30,0.6,0.6,0.56,0.59,662438
2011-11-01 00:00:00+05:30,0.6,0.61,0.57,0.6,974114
2011-11-02 00:00:00+05:30,0.6,0.61,0.57,0.57,431281
2011-11-03 00:00:00+05:30,0.6,0.6,0.57,0.57,400493
2011-11-04 00:00:00+05:30,0.57,0.6,0.57,0.59,646706
2011-11-08 00:00:00+05:30,0.6,0.6,0.57,0.59,700441
2011-11-09 00:00:00+05:30,0.6,0.6,0.59,0.59,530096
2011-11-11 00:00:00+05:30,0.59,0.6,0.55,0.56,2542097
2011-11-14 00:00:00+05:30,0.56,0.56,0.54,0.54,1720310
2011-11-15 00:00:00+05:30,0.55,0.56,0.52,0.52,453146
2011-11-16 00:00:00+05:30,0.56,0.56,0.49,0.51,2947936
2011-11-17 00:00:00+05:30,0.52,0.52,0.5,0.5,1021104
2011-11-18 00:00:00+05:30,0.5,0.51,0.5,0.5,802303
2011-11-21 00:00:00+05:30,0.5,0.52,0.5,0.5,827716
2011-11-22 00:00:00+05:30,0.5,0.51,0.5,0.5,630225
2011-11-23 00:00:00+05:30,0.51,0.51,0.47,0.48,994181
2011-11-24 00:00:00+05:30,0.47,0.48,0.46,0.46,983914
2011-11-25 00:00:00+05:30,0.47,0.48,0.46,0.46,604060
2011-11-28 00:00:00+05:30,0.47,0.49,0.47,0.48,541004
2011-11-29 00:00:00+05:30,0.49,0.49,0.47,0.47,901766
2011-11-30 00:00:00+05:30,0.47,0.49,0.47,0.48,938922
2011-12-01 00:00:00+05:30,0.49,0.52,0.46,0.47,2656900
2011-12-02 00:00:00+05:30,0.47,0.5,0.46,0.49,1207551
2011-12-05 00:00:00+05:30,0.47,0.5,0.47,0.5,264618
2011-12-07 00:00:00+05:30,0.5,0.53,0.49,0.51,649984
2011-12-08 00:00:00+05:30,0.52,0.52,0.49,0.5,886897
2011-12-09 00:00:00+05:30,0.49,0.5,0.49,0.49,210744
2011-12-12 00:00:00+05:30,0.5,0.5,0.47,0.47,472264
2011-12-13 00:00:00+05:30,0.48,0.49,0.46,0.46,791226
2011-12-14 00:00:00+05:30,0.47,0.47,0.46,0.46,384448
2011-12-15 00:00:00+05:30,0.47,0.48,0.45,0.47,1605411
2011-12-16 00:00:00+05:30,0.48,0.48,0.45,0.45,361493
2011-12-19 00:00:00+05:30,0.47,0.47,0.43,0.43,1334859
2011-12-20 00:00:00+05:30,0.44,0.44,0.41,0.42,846531
2011-12-21 00:00:00+05:30,0.43,0.43,0.41,0.42,1157862
2011-12-22 00:00:00+05:30,0.43,0.44,0.42,0.43,410926
2011-12-23 00:00:00+05:30,0.44,0.44,0.42,0.42,429330
2011-12-26 00:00:00+05:30,0.42,0.43,0.42,0.42,403406
2011-12-27 00:00:00+05:30,0.43,0.44,0.42,0.43,621294
2011-12-28 00:00:00+05:30,0.44,0.44,0.42,0.43,402546
2011-12-29 00:00:00+05:30,0.43,0.43,0.41,0.41,649425
2011-12-30 00:00:00+05:30,0.41,0.42,0.4,0.41,802771
2012-01-02 00:00:00+05:30,0.42,0.42,0.4,0.41,646563
2012-01-03 00:00:00+05:30,0.41,0.44,0.41,0.42,533746
2012-01-04 00:00:00+05:30,0.42,0.44,0.42,0.43,460798
2012-01-05 00:00:00+05:30,0.43,0.44,0.43,0.43,434103
2012-01-06 00:00:00+05:30,0.44,0.44,0.42,0.43,579300
2012-01-09 00:00:00+05:30,0.45,0.46,0.43,0.45,606756
2012-01-10 00:00:00+05:30,0.46,0.47,0.45,0.46,557536
2012-01-11 00:00:00+05:30,0.47,0.51,0.46,0.49,715043
2012-01-12 00:00:00+05:30,0.49,0.49,0.47,0.48,509730
2012-01-13 00:00:00+05:30,0.49,0.52,0.48,0.48,471367
2012-01-16 00:00:00+05:30,0.48,0.49,0.48,0.48,247570
2012-01-17 00:00:00+05:30,0.5,0.54,0.49,0.53,866635
2012-01-18 00:00:00+05:30,0.54,0.54,0.49,0.49,1300621
2012-01-19 00:00:00+05:30,0.52,0.54,0.5,0.52,701615
2012-01-20 00:00:00+05:30,0.54,0.54,0.51,0.51,679448
2012-01-23 00:00:00+05:30,0.52,0.52,0.51,0.51,435488
2012-01-24 00:00:00+05:30,0.52,0.53,0.51,0.51,837459
2012-01-25 00:00:00+05:30,0.51,0.52,0.49,0.49,1896178
2012-01-27 00:00:00+05:30,0.51,0.51,0.48,0.49,907810
2012-01-30 00:00:00+05:30,0.49,0.49,0.47,0.47,449942
2012-01-31 00:00:00+05:30,0.48,0.5,0.47,0.49,842298
2012-02-01 00:00:00+05:30,0.49,0.5,0.48,0.48,998230
2012-02-02 00:00:00+05:30,0.49,0.51,0.48,0.48,895407
2012-02-03 00:00:00+05:30,0.48,0.52,0.48,0.51,1231114
2012-02-06 00:00:00+05:30,0.51,0.55,0.51,0.53,1706140
2012-02-07 00:00:00+05:30,0.55,0.55,0.52,0.52,849610
2012-02-08 00:00:00+05:30,0.53,0.53,0.51,0.52,871312
2012-02-09 00:00:00+05:30,0.53,0.54,0.51,0.53,438693
2012-02-10 00:00:00+05:30,0.54,0.55,0.53,0.53,507930
2012-02-13 00:00:00+05:30,0.54,0.54,0.52,0.53,706286
2012-02-14 00:00:00+05:30,0.52,0.52,0.51,0.51,1473224
2012-02-15 00:00:00+05:30,0.52,0.54,0.51,0.53,1340490
2012-02-16 00:00:00+05:30,0.52,0.53,0.51,0.53,861974
2012-02-17 00:00:00+05:30,0.52,0.53,0.51,0.51,1572774
2012-02-21 00:00:00+05:30,0.52,0.54,0.51,0.53,996227
2012-02-22 00:00:00+05:30,0.54,0.54,0.51,0.51,1232622
2012-02-23 00:00:00+05:30,0.51,0.52,0.51,0.51,436183
2012-02-24 00:00:00+05:30,0.51,0.52,0.51,0.51,875368
2012-02-27 00:00:00+05:30,0.52,0.52,0.47,0.47,914817
2012-02-28 00:00:00+05:30,0.49,0.5,0.47,0.49,632851
2012-02-29 00:00:00+05:30,0.5,0.52,0.49,0.49,596589
2012-03-01 00:00:00+05:30,0.49,0.49,0.48,0.49,310269
2012-03-02 00:00:00+05:30,0.5,0.5,0.48,0.48,314031
2012-03-05 00:00:00+05:30,0.49,0.49,0.47,0.48,379142
2012-03-06 00:00:00+05:30,0.49,0.49,0.47,0.47,146986
2012-03-07 00:00:00+05:30,0.48,0.48,0.46,0.46,605799
2012-03-09 00:00:00+05:30,0.46,0.49,0.46,0.47,924090
2012-03-12 00:00:00+05:30,0.49,0.49,0.46,0.46,433712
2012-03-13 00:00:00+05:30,0.47,0.47,0.46,0.46,385375
2012-03-14 00:00:00+05:30,0.47,0.48,0.46,0.47,664981
2012-03-15 00:00:00+05:30,0.48,0.48,0.46,0.47,534759
2012-03-16 00:00:00+05:30,0.47,0.47,0.45,0.45,835917
2012-03-19 00:00:00+05:30,0.45,0.47,0.45,0.45,556650
2012-03-20 00:00:00+05:30,0.46,0.47,0.45,0.45,349018
2012-03-21 00:00:00+05:30,0.46,0.47,0.45,0.45,673074
2012-03-22 00:00:00+05:30,0.46,0.46,0.43,0.44,1305700
2012-03-23 00:00:00+05:30,0.46,0.46,0.44,0.44,359002
2012-03-26 00:00:00+05:30,0.44,0.44,0.4,0.41,1887360
2012-03-27 00:00:00+05:30,0.42,0.42,0.39,0.4,1520510
2012-03-28 00:00:00+05:30,0.4,0.41,0.37,0.37,1887360
2012-03-29 00:00:00+05:30,0.39,0.41,0.38,0.4,1167893
2012-03-30 00:00:00+05:30,0.4,0.42,0.39,0.41,807428
2012-04-02 00:00:00+05:30,0.42,0.43,0.41,0.41,280364
2012-04-03 00:00:00+05:30,0.42,0.43,0.41,0.41,489986
2012-04-04 00:00:00+05:30,0.42,0.42,0.4,0.4,929326
2012-04-09 00:00:00+05:30,0.41,0.42,0.4,0.41,532251
2012-04-10 00:00:00+05:30,0.41,0.43,0.41,0.41,177426
2012-04-11 00:00:00+05:30,0.41,0.42,0.4,0.41,850680
2012-04-12 00:00:00+05:30,0.42,0.45,0.4,0.42,1030000
2012-04-13 00:00:00+05:30,0.45,0.46,0.42,0.42,700518
2012-04-16 00:00:00+05:30,0.42,0.43,0.41,0.41,334730
2012-04-17 00:00:00+05:30,0.43,0.43,0.41,0.41,246968
2012-04-18 00:00:00+05:30,0.42,0.43,0.41,0.42,620639
2012-04-19 00:00:00+05:30,0.43,0.44,0.42,0.42,413978
2012-04-20 00:00:00+05:30,0.42,0.43,0.41,0.41,300251
2012-04-23 00:00:00+05:30,0.42,0.42,0.41,0.41,441384
2012-04-24 00:00:00+05:30,0.42,0.42,0.4,0.4,489122
2012-04-25 00:00:00+05:30,0.4,0.4,0.39,0.39,928230
2012-04-26 00:00:00+05:30,0.4,0.4,0.38,0.38,528881
2012-04-27 00:00:00+05:30,0.39,0.4,0.37,0.38,610490
2012-04-30 00:00:00+05:30,0.4,0.42,0.39,0.41,424970
2012-05-02 00:00:00+05:30,0.41,0.41,0.4,0.4,399145
2012-05-03 00:00:00+05:30,0.4,0.41,0.4,0.4,435878
2012-05-04 00:00:00+05:30,0.4,0.4,0.37,0.37,720429
2012-05-07 00:00:00+05:30,0.37,0.39,0.36,0.38,642776
2012-05-08 00:00:00+05:30,0.38,0.39,0.37,0.38,327852
2012-05-09 00:00:00+05:30,0.39,0.4,0.37,0.4,435446
2012-05-10 00:00:00+05:30,0.41,0.41,0.39,0.39,313721
2012-05-11 00:00:00+05:30,0.38,0.4,0.37,0.38,711058
2012-05-14 00:00:00+05:30,0.37,0.39,0.37,0.38,328594
2012-05-15 00:00:00+05:30,0.37,0.39,0.37,0.38,205610
2012-05-16 00:00:00+05:30,0.37,0.38,0.37,0.37,228851
2012-05-17 00:00:00+05:30,0.37,0.38,0.37,0.37,198372
2012-05-18 00:00:00+05:30,0.37,0.38,0.37,0.37,141026
2012-05-21 00:00:00+05:30,0.37,0.39,0.36,0.37,547212
2012-05-22 00:00:00+05:30,0.38,0.39,0.37,0.38,306075
2012-05-23 00:00:00+05:30,0.39,0.39,0.37,0.37,366582
2012-05-24 00:00:00+05:30,0.38,0.38,0.37,0.37,214573
2012-05-25 00:00:00+05:30,0.38,0.38,0.37,0.38,273045
2012-05-28 00:00:00+05:30,0.38,0.39,0.37,0.37,800086
2012-05-29 00:00:00+05:30,0.37,0.39,0.37,0.37,260789
2012-05-30 00:00:00+05:30,0.37,0.39,0.37,0.37,144228
2012-05-31 00:00:00+05:30,0.37,0.38,0.37,0.37,232076
2012-06-01 00:00:00+05:30,0.37,0.38,0.37,0.37,399944
2012-06-04 00:00:00+05:30,0.36,0.39,0.36,0.37,691177
2012-06-05 00:00:00+05:30,0.37,0.38,0.37,0.37,318911
2012-06-06 00:00:00+05:30,0.38,0.39,0.36,0.37,699917
2012-06-07 00:00:00+05:30,0.39,0.39,0.37,0.37,165607
2012-06-08 00:00:00+05:30,0.37,0.4,0.37,0.38,886272
2012-06-11 00:00:00+05:30,0.4,0.4,0.38,0.38,493933
2012-06-12 00:00:00+05:30,0.38,0.4,0.38,0.39,301025
2012-06-13 00:00:00+05:30,0.38,0.39,0.38,0.38,343314
2012-06-14 00:00:00+05:30,0.39,0.39,0.38,0.38,254267
2012-06-15 00:00:00+05:30,0.39,0.39,0.37,0.37,290324
2012-06-18 00:00:00+05:30,0.38,0.39,0.37,0.38,462669
2012-06-19 00:00:00+05:30,0.38,0.39,0.38,0.38,241831
2012-06-20 00:00:00+05:30,0.39,0.39,0.37,0.37,457949
2012-06-21 00:00:00+05:30,0.38,0.38,0.37,0.37,125235
2012-06-22 00:00:00+05:30,0.37,0.38,0.37,0.37,625099
2012-06-25 00:00:00+05:30,0.37,0.38,0.36,0.37,367202
2012-06-26 00:00:00+05:30,0.37,0.38,0.37,0.37,349632
2012-06-27 00:00:00+05:30,0.38,0.38,0.36,0.36,261212
2012-06-28 00:00:00+05:30,0.38,0.38,0.36,0.36,366880
2012-06-29 00:00:00+05:30,0.36,0.38,0.36,0.37,598654
2012-07-02 00:00:00+05:30,0.37,0.38,0.37,0.37,657488
2012-07-03 00:00:00+05:30,0.38,0.39,0.37,0.38,988247
2012-07-04 00:00:00+05:30,0.39,0.4,0.37,0.39,474511
2012-07-05 00:00:00+05:30,0.38,0.45,0.38,0.44,815181
2012-07-06 00:00:00+05:30,0.43,0.45,0.41,0.44,1594758
2012-07-09 00:00:00+05:30,0.44,0.44,0.42,0.42,526566
2012-07-10 00:00:00+05:30,0.42,0.43,0.41,0.41,968188
2012-07-11 00:00:00+05:30,0.42,0.44,0.42,0.42,474992
2012-07-12 00:00:00+05:30,0.44,0.44,0.42,0.43,386741
2012-07-13 00:00:00+05:30,0.43,0.45,0.42,0.44,630155
2012-07-16 00:00:00+05:30,0.45,0.45,0.42,0.42,224316
2012-07-17 00:00:00+05:30,0.42,0.43,0.42,0.42,360224
2012-07-18 00:00:00+05:30,0.42,0.43,0.39,0.4,999593
2012-07-19 00:00:00+05:30,0.4,0.41,0.39,0.39,130665
2012-07-20 00:00:00+05:30,0.39,0.4,0.39,0.4,69225
2012-07-23 00:00:00+05:30,0.4,0.41,0.39,0.41,746428
2012-07-24 00:00:00+05:30,0.41,0.41,0.39,0.4,424418
2012-07-25 00:00:00+05:30,0.4,0.41,0.39,0.39,427258
2012-07-26 00:00:00+05:30,0.4,0.4,0.38,0.38,518666
2012-07-27 00:00:00+05:30,0.38,0.39,0.37,0.37,613502
2012-07-30 00:00:00+05:30,0.38,0.38,0.36,0.37,829162
2012-07-31 00:00:00+05:30,0.38,0.38,0.37,0.37,207294
2012-08-01 00:00:00+05:30,0.37,0.38,0.37,0.38,533115
2012-08-02 00:00:00+05:30,0.39,0.39,0.39,0.39,95119
2012-08-03 00:00:00+05:30,0.4,0.4,0.4,0.4,74378
2012-08-06 00:00:00+05:30,0.42,0.42,0.41,0.41,443989
2012-08-07 00:00:00+05:30,0.4,0.43,0.4,0.4,538414
2012-08-08 00:00:00+05:30,0.4,0.42,0.39,0.4,422880
2012-08-09 00:00:00+05:30,0.4,0.4,0.39,0.39,295827
2012-08-10 00:00:00+05:30,0.4,0.4,0.38,0.38,415347
2012-08-13 00:00:00+05:30,0.38,0.39,0.37,0.37,363051
2012-08-14 00:00:00+05:30,0.37,0.38,0.36,0.37,293460
2012-08-16 00:00:00+05:30,0.37,0.38,0.36,0.36,321673
2012-08-17 00:00:00+05:30,0.36,0.37,0.36,0.36,301556
2012-08-21 00:00:00+05:30,0.36,0.37,0.36,0.37,262978
2012-08-22 00:00:00+05:30,0.37,0.38,0.37,0.37,226787
2012-08-23 00:00:00+05:30,0.36,0.38,0.36,0.38,301220
2012-08-24 00:00:00+05:30,0.39,0.39,0.39,0.39,109019
2012-08-27 00:00:00+05:30,0.4,0.4,0.39,0.4,323839
2012-08-28 00:00:00+05:30,0.39,0.41,0.39,0.4,422998
2012-08-29 00:00:00+05:30,0.42,0.42,0.39,0.39,522412
2012-08-30 00:00:00+05:30,0.39,0.4,0.38,0.39,2986332
2012-08-31 00:00:00+05:30,0.39,0.4,0.39,0.39,150412
2012-09-03 00:00:00+05:30,0.39,0.4,0.39,0.4,147408
2012-09-04 00:00:00+05:30,0.4,0.42,0.4,0.41,1009168
2012-09-05 00:00:00+05:30,0.42,0.43,0.41,0.41,468358
2012-09-06 00:00:00+05:30,0.42,0.42,0.4,0.41,406272
2012-09-07 00:00:00+05:30,0.41,0.42,0.4,0.41,525666
2012-09-10 00:00:00+05:30,0.41,0.41,0.39,0.4,544723
2012-09-11 00:00:00+05:30,0.38,0.4,0.38,0.39,922527
2012-09-12 00:00:00+05:30,0.4,0.4,0.39,0.39,120512
2012-09-13 00:00:00+05:30,0.4,0.42,0.39,0.41,1734724
2012-09-14 00:00:00+05:30,0.43,0.43,0.41,0.41,628983
2012-09-17 00:00:00+05:30,0.42,0.42,0.39,0.39,484555
2012-09-18 00:00:00+05:30,0.39,0.41,0.39,0.4,611625
2012-09-20 00:00:00+05:30,0.41,0.41,0.39,0.39,150438
2012-09-21 00:00:00+05:30,0.39,0.4,0.39,0.39,378027
2012-09-24 00:00:00+05:30,0.4,0.4,0.38,0.39,901512
2012-09-25 00:00:00+05:30,0.39,0.39,0.38,0.38,949488
2012-09-26 00:00:00+05:30,0.37,0.39,0.37,0.37,550056
2012-09-27 00:00:00+05:30,0.37,0.38,0.37,0.37,449349
2012-09-28 00:00:00+05:30,0.38,0.38,0.37,0.38,1075144
2012-10-01 00:00:00+05:30,0.38,0.39,0.38,0.39,457464
2012-10-03 00:00:00+05:30,0.39,0.4,0.39,0.39,495561
2012-10-04 00:00:00+05:30,0.39,0.4,0.39,0.39,683801
2012-10-05 00:00:00+05:30,0.4,0.4,0.39,0.39,458242
2012-10-08 00:00:00+05:30,0.4,0.4,0.38,0.38,718893
2012-10-09 00:00:00+05:30,0.38,0.39,0.37,0.38,504209
2012-10-10 00:00:00+05:30,0.38,0.39,0.37,0.38,220710
2012-10-11 00:00:00+05:30,0.39,0.39,0.37,0.37,245729
2012-10-12 00:00:00+05:30,0.37,0.38,0.37,0.38,92348
2012-10-15 00:00:00+05:30,0.37,0.39,0.37,0.37,275727
2012-10-16 00:00:00+05:30,0.37,0.38,0.37,0.38,75658
2012-10-17 00:00:00+05:30,0.38,0.39,0.38,0.38,244311
2012-10-18 00:00:00+05:30,0.39,0.39,0.37,0.37,232093
2012-10-19 00:00:00+05:30,0.37,0.38,0.36,0.36,591472
2012-10-22 00:00:00+05:30,0.37,0.37,0.36,0.37,365557
2012-10-23 00:00:00+05:30,0.36,0.38,0.36,0.37,150862
2012-10-25 00:00:00+05:30,0.38,0.38,0.36,0.37,750978
2012-10-26 00:00:00+05:30,0.37,0.37,0.36,0.36,473681
2012-10-29 00:00:00+05:30,0.37,0.37,0.36,0.37,784642
2012-10-30 00:00:00+05:30,0.38,0.38,0.37,0.38,397325
2012-10-31 00:00:00+05:30,0.39,0.39,0.37,0.37,283409
2012-11-01 00:00:00+05:30,0.37,0.38,0.37,0.38,408066
2012-11-02 00:00:00+05:30,0.39,0.39,0.37,0.38,412021
2012-11-05 00:00:00+05:30,0.39,0.39,0.37,0.37,310437
2012-11-06 00:00:00+05:30,0.37,0.38,0.36,0.37,426957
2012-11-07 00:00:00+05:30,0.38,0.38,0.36,0.36,197932
2012-11-08 00:00:00+05:30,0.37,0.37,0.35,0.36,651587
2012-11-09 00:00:00+05:30,0.37,0.38,0.35,0.35,769696
2012-11-12 00:00:00+05:30,0.37,0.38,0.35,0.37,249181
2012-11-13 00:00:00+05:30,0.37,0.38,0.36,0.37,301716
2012-11-15 00:00:00+05:30,0.37,0.38,0.36,0.37,347587
2012-11-16 00:00:00+05:30,0.37,0.37,0.35,0.36,887925
2012-11-19 00:00:00+05:30,0.37,0.37,0.35,0.35,203363
2012-11-20 00:00:00+05:30,0.36,0.36,0.34,0.34,529320
2012-11-21 00:00:00+05:30,0.35,0.35,0.33,0.33,161313
2012-11-22 00:00:00+05:30,0.34,0.35,0.33,0.33,180150
2012-11-23 00:00:00+05:30,0.33,0.36,0.33,0.34,771180
2012-11-26 00:00:00+05:30,0.34,0.36,0.34,0.34,1122501
2012-11-27 00:00:00+05:30,0.35,0.35,0.34,0.34,474700
2012-11-29 00:00:00+05:30,0.35,0.35,0.33,0.33,452743
2012-11-30 00:00:00+05:30,0.34,0.35,0.33,0.34,636580
2012-12-03 00:00:00+05:30,0.35,0.35,0.34,0.34,520701
2012-12-04 00:00:00+05:30,0.35,0.37,0.34,0.36,446436
2012-12-05 00:00:00+05:30,0.37,0.39,0.36,0.38,1296812
2012-12-06 00:00:00+05:30,0.38,0.39,0.37,0.37,419217
2012-12-07 00:00:00+05:30,0.37,0.38,0.37,0.37,283539
2012-12-10 00:00:00+05:30,0.38,0.38,0.36,0.38,431554
2012-12-11 00:00:00+05:30,0.39,0.39,0.37,0.37,485024
2012-12-12 00:00:00+05:30,0.38,0.38,0.36,0.36,328524
2012-12-13 00:00:00+05:30,0.37,0.37,0.35,0.36,310472
2012-12-14 00:00:00+05:30,0.36,0.37,0.35,0.36,357391
2012-12-17 00:00:00+05:30,0.37,0.37,0.36,0.37,585881
2012-12-18 00:00:00+05:30,0.37,0.38,0.36,0.36,307942
2012-12-19 00:00:00+05:30,0.36,0.37,0.36,0.36,507281
2012-12-20 00:00:00+05:30,0.37,0.37,0.36,0.36,324543
2012-12-21 00:00:00+05:30,0.37,0.37,0.35,0.35,323226
2012-12-24 00:00:00+05:30,0.36,0.36,0.34,0.35,218240
2012-12-26 00:00:00+05:30,0.35,0.36,0.35,0.36,362858
2012-12-27 00:00:00+05:30,0.36,0.36,0.35,0.36,243278
2012-12-28 00:00:00+05:30,0.36,0.36,0.35,0.35,246479
2012-12-31 00:00:00+05:30,0.35,0.36,0.34,0.35,152337
2013-01-01 00:00:00+05:30,0.34,0.36,0.34,0.34,266531
2013-01-02 00:00:00+05:30,0.34,0.35,0.34,0.35,67001
2013-01-03 00:00:00+05:30,0.35,0.36,0.34,0.35,385935
2013-01-04 00:00:00+05:30,0.36,0.36,0.35,0.35,280729
2013-01-07 00:00:00+05:30,0.35,0.36,0.35,0.35,305375
2013-01-08 00:00:00+05:30,0.35,0.36,0.35,0.36,445423
2013-01-09 00:00:00+05:30,0.35,0.37,0.35,0.36,393169
2013-01-10 00:00:00+05:30,0.36,0.37,0.35,0.36,219364
2013-01-11 00:00:00+05:30,0.36,0.37,0.35,0.35,288563
2013-01-14 00:00:00+05:30,0.34,0.36,0.34,0.35,178210
2013-01-15 00:00:00+05:30,0.35,0.36,0.35,0.36,30622675
2013-01-16 00:00:00+05:30,0.37,0.37,0.37,0.37,246265
2013-01-17 00:00:00+05:30,0.38,0.38,0.36,0.36,937014
2013-01-18 00:00:00+05:30,0.35,0.35,0.35,0.35,81167
2013-01-21 00:00:00+05:30,0.34,0.34,0.34,0.34,60751
2013-01-22 00:00:00+05:30,0.33,0.33,0.33,0.33,300000
2013-01-23 00:00:00+05:30,0.32,0.32,0.32,0.32,322751
2013-01-24 00:00:00+05:30,0.31,0.31,0.31,0.31,27820
2013-01-25 00:00:00+05:30,0.3,0.3,0.3,0.3,97369
2013-01-28 00:00:00+05:30,0.28,0.28,0.28,0.28,198558
2013-01-29 00:00:00+05:30,0.28,0.28,0.28,0.28,127761
2013-01-30 00:00:00+05:30,0.27,0.27,0.27,0.27,155956
2013-01-31 00:00:00+05:30,0.26,0.26,0.26,0.26,184801
2013-02-01 00:00:00+05:30,0.25,0.25,0.25,0.25,234212
2013-02-04 00:00:00+05:30,0.24,0.24,0.24,0.24,444687
2013-02-05 00:00:00+05:30,0.23,0.25,0.23,0.24,2288754
2013-02-06 00:00:00+05:30,0.25,0.25,0.25,0.25,45017
2013-02-07 00:00:00+05:30,0.26,0.26,0.24,0.25,2195200
2013-02-08 00:00:00+05:30,0.24,0.24,0.24,0.24,2458056
2013-02-11 00:00:00+05:30,0.23,0.25,0.23,0.23,984886
2013-02-12 00:00:00+05:30,0.23,0.24,0.22,0.23,4497382
2013-02-13 00:00:00+05:30,0.24,0.24,0.23,0.24,451451
2013-02-14 00:00:00+05:30,0.25,0.25,0.24,0.25,545355
2013-02-15 00:00:00+05:30,0.24,0.25,0.24,0.24,612366
2013-02-18 00:00:00+05:30,0.23,0.24,0.23,0.23,211276
2013-02-19 00:00:00+05:30,0.22,0.22,0.22,0.22,276505
2013-02-20 00:00:00+05:30,0.21,0.23,0.21,0.21,571385
2013-02-21 00:00:00+05:30,0.22,0.22,0.21,0.21,1293564
2013-02-22 00:00:00+05:30,0.22,0.22,0.21,0.22,165406
2013-02-25 00:00:00+05:30,0.23,0.23,0.21,0.22,1044995
2013-02-26 00:00:00+05:30,0.22,0.23,0.21,0.22,433430
2013-02-27 00:00:00+05:30,0.23,0.23,0.22,0.23,69282
2013-02-28 00:00:00+05:30,0.24,0.24,0.23,0.23,537925
2013-03-01 00:00:00+05:30,0.23,0.24,0.23,0.24,610321
2013-03-04 00:00:00+05:30,0.24,0.25,0.23,0.23,985705
2013-03-05 00:00:00+05:30,0.24,0.24,0.23,0.24,224628
2013-03-06 00:00:00+05:30,0.24,0.25,0.23,0.24,410298
2013-03-07 00:00:00+05:30,0.24,0.25,0.23,0.24,578234
2013-03-08 00:00:00+05:30,0.24,0.25,0.24,0.25,246897
2013-03-11 00:00:00+05:30,0.26,0.26,0.25,0.26,196872
2013-03-12 00:00:00+05:30,0.27,0.27,0.26,0.26,383334
2013-03-13 00:00:00+05:30,0.27,0.27,0.25,0.27,610249
2013-03-14 00:00:00+05:30,0.27,0.28,0.26,0.28,365465
2013-03-15 00:00:00+05:30,0.28,0.28,0.27,0.27,283502
2013-03-18 00:00:00+05:30,0.27,0.28,0.26,0.27,1110250
2013-03-19 00:00:00+05:30,0.27,0.28,0.26,0.26,543020
2013-03-20 00:00:00+05:30,0.25,0.26,0.25,0.26,878330
2013-03-21 00:00:00+05:30,0.25,0.25,0.25,0.25,58288
2013-03-22 00:00:00+05:30,0.24,0.24,0.24,0.24,89272
2013-03-25 00:00:00+05:30,0.23,0.23,0.23,0.23,69100
2013-03-26 00:00:00+05:30,0.22,0.24,0.22,0.23,296271
2013-03-28 00:00:00+05:30,0.22,0.24,0.22,0.22,379913
2013-04-01 00:00:00+05:30,0.22,0.23,0.21,0.23,555951
2013-04-02 00:00:00+05:30,0.23,0.24,0.22,0.22,257047
2013-04-03 00:00:00+05:30,0.22,0.23,0.22,0.23,159258
2013-04-04 00:00:00+05:30,0.24,0.24,0.22,0.22,123710
2013-04-05 00:00:00+05:30,0.23,0.23,0.22,0.22,136628
2013-04-08 00:00:00+05:30,0.23,0.23,0.22,0.22,109167
2013-04-09 00:00:00+05:30,0.22,0.23,0.21,0.23,803849
2013-04-10 00:00:00+05:30,0.22,0.24,0.22,0.22,1023074
2013-04-11 00:00:00+05:30,0.23,0.23,0.21,0.23,339336
2013-04-12 00:00:00+05:30,0.22,0.24,0.22,0.23,69907
2013-04-15 00:00:00+05:30,0.23,0.24,0.22,0.23,269469
2013-04-16 00:00:00+05:30,0.23,0.24,0.22,0.23,157655
2013-04-17 00:00:00+05:30,0.22,0.24,0.22,0.22,258054
2013-04-18 00:00:00+05:30,0.23,0.23,0.22,0.22,300990
2013-04-22 00:00:00+05:30,0.23,0.23,0.22,0.22,222509
2013-04-23 00:00:00+05:30,0.23,0.23,0.22,0.22,300682
2013-04-25 00:00:00+05:30,0.22,0.23,0.22,0.22,210219
2013-04-26 00:00:00+05:30,0.22,0.23,0.22,0.22,360383
2013-04-29 00:00:00+05:30,0.23,0.23,0.21,0.21,867132
2013-04-30 00:00:00+05:30,0.21,0.22,0.2,0.21,478573
2013-05-02 00:00:00+05:30,0.21,0.22,0.2,0.22,309832
2013-05-03 00:00:00+05:30,0.21,0.22,0.21,0.21,325400
2013-05-06 00:00:00+05:30,0.22,0.22,0.21,0.21,286998
2013-05-07 00:00:00+05:30,0.2,0.22,0.2,0.21,611451
2013-05-08 00:00:00+05:30,0.2,0.22,0.2,0.22,614584
2013-05-09 00:00:00+05:30,0.21,0.23,0.21,0.22,214441
2013-05-10 00:00:00+05:30,0.23,0.23,0.22,0.22,223411
2013-05-13 00:00:00+05:30,0.21,0.22,0.21,0.22,52279
2013-05-14 00:00:00+05:30,0.22,0.22,0.21,0.21,230108
2013-05-15 00:00:00+05:30,0.21,0.22,0.21,0.21,99914
2013-05-16 00:00:00+05:30,0.21,0.22,0.2,0.21,335121
2013-05-17 00:00:00+05:30,0.21,0.22,0.2,0.21,157247
2013-05-20 00:00:00+05:30,0.22,0.22,0.21,0.22,395921
2013-05-21 00:00:00+05:30,0.23,0.23,0.22,0.23,565881
2013-05-22 00:00:00+05:30,0.22,0.24,0.22,0.23,421227
2013-05-23 00:00:00+05:30,0.24,0.24,0.22,0.22,509043
2013-05-24 00:00:00+05:30,0.22,0.23,0.21,0.22,766349
2013-05-27 00:00:00+05:30,0.21,0.23,0.21,0.22,272294
2013-05-28 00:00:00+05:30,0.22,0.22,0.21,0.22,103766
2013-05-29 00:00:00+05:30,0.21,0.23,0.21,0.22,826570
2013-05-30 00:00:00+05:30,0.21,0.23,0.21,0.22,146547
2013-05-31 00:00:00+05:30,0.22,0.23,0.21,0.22,155979
2013-06-03 00:00:00+05:30,0.22,0.23,0.21,0.23,727643
2013-06-04 00:00:00+05:30,0.22,0.24,0.22,0.23,130188
2013-06-05 00:00:00+05:30,0.22,0.23,0.22,0.22,394514
2013-06-06 00:00:00+05:30,0.21,0.22,0.21,0.21,214381
2013-06-07 00:00:00+05:30,0.2,0.22,0.2,0.2,175486
2013-06-10 00:00:00+05:30,0.2,0.21,0.19,0.2,393808
2013-06-11 00:00:00+05:30,0.2,0.21,0.2,0.2,439344
2013-06-12 00:00:00+05:30,0.21,0.21,0.2,0.21,637169
2013-06-13 00:00:00+05:30,0.2,0.22,0.2,0.21,675366
2013-06-14 00:00:00+05:30,0.22,0.22,0.21,0.21,99091
2013-06-17 00:00:00+05:30,0.21,0.22,0.2,0.22,290868
2013-06-18 00:00:00+05:30,0.21,0.22,0.21,0.21,132472
2013-06-19 00:00:00+05:30,0.21,0.22,0.21,0.22,132381
2013-06-20 00:00:00+05:30,0.21,0.22,0.21,0.21,164315
2013-06-21 00:00:00+05:30,0.21,0.22,0.2,0.21,107581
2013-06-24 00:00:00+05:30,0.21,0.21,0.2,0.2,318032
2013-06-25 00:00:00+05:30,0.2,0.21,0.2,0.21,732601
2013-06-26 00:00:00+05:30,0.2,0.22,0.2,0.2,217595
2013-06-27 00:00:00+05:30,0.2,0.21,0.2,0.21,240544
2013-06-28 00:00:00+05:30,0.21,0.22,0.21,0.22,511116
2013-07-01 00:00:00+05:30,0.22,0.23,0.21,0.21,998314
2013-07-02 00:00:00+05:30,0.21,0.22,0.2,0.21,213180
2013-07-03 00:00:00+05:30,0.22,0.22,0.21,0.22,269314
2013-07-04 00:00:00+05:30,0.21,0.22,0.21,0.21,167262
2013-07-05 00:00:00+05:30,0.21,0.22,0.21,0.22,605900
2013-07-08 00:00:00+05:30,0.22,0.23,0.21,0.22,150784
2013-07-09 00:00:00+05:30,0.22,0.23,0.21,0.21,221694
2013-07-10 00:00:00+05:30,0.22,0.22,0.21,0.21,175028
2013-07-11 00:00:00+05:30,0.21,0.22,0.21,0.21,139065
2013-07-12 00:00:00+05:30,0.21,0.22,0.21,0.21,628125
2013-07-15 00:00:00+05:30,0.21,0.22,0.21,0.21,320850
2013-07-16 00:00:00+05:30,0.21,0.22,0.2,0.2,213864
2013-07-17 00:00:00+05:30,0.21,0.21,0.2,0.2,167981
2013-07-18 00:00:00+05:30,0.21,0.21,0.2,0.21,205095
2013-07-19 00:00:00+05:30,0.22,0.22,0.21,0.22,206180
2013-07-22 00:00:00+05:30,0.23,0.23,0.21,0.21,423400
2013-07-23 00:00:00+05:30,0.21,0.22,0.2,0.2,134793
2013-07-24 00:00:00+05:30,0.2,0.21,0.2,0.2,101385
2013-07-25 00:00:00+05:30,0.21,0.21,0.2,0.2,131495
2013-07-26 00:00:00+05:30,0.2,0.21,0.19,0.2,396206
2013-07-29 00:00:00+05:30,0.21,0.21,0.19,0.2,301468
2013-07-30 00:00:00+05:30,0.21,0.21,0.19,0.19,310327
2013-07-31 00:00:00+05:30,0.19,0.2,0.19,0.19,357060
2013-08-01 00:00:00+05:30,0.19,0.2,0.18,0.19,700930
2013-08-02 00:00:00+05:30,0.19,0.2,0.19,0.19,319486
2013-08-05 00:00:00+05:30,0.19,0.2,0.19,0.19,135959
2013-08-06 00:00:00+05:30,0.19,0.2,0.19,0.19,160512
2013-08-07 00:00:00+05:30,0.19,0.2,0.19,0.19,228825
2013-08-08 00:00:00+05:30,0.2,0.2,0.19,0.19,621468
2013-08-12 00:00:00+05:30,0.2,0.2,0.19,0.2,162968
2013-08-13 00:00:00+05:30,0.2,0.21,0.19,0.21,90036
2013-08-14 00:00:00+05:30,0.21,0.21,0.2,0.2,67728
2013-08-16 00:00:00+05:30,0.21,0.21,0.2,0.2,163866
2013-08-19 00:00:00+05:30,0.2,0.21,0.19,0.19,1467412
2013-08-20 00:00:00+05:30,0.18,0.2,0.18,0.18,633843
2013-08-21 00:00:00+05:30,0.18,0.19,0.18,0.18,24627
2013-08-22 00:00:00+05:30,0.18,0.19,0.18,0.19,80438
2013-08-23 00:00:00+05:30,0.2,0.2,0.19,0.2,470561
2013-08-26 00:00:00+05:30,0.19,0.21,0.19,0.21,281957
2013-08-27 00:00:00+05:30,0.21,0.22,0.2,0.2,400774
2013-08-28 00:00:00+05:30,0.19,0.21,0.19,0.21,110586
2013-08-29 00:00:00+05:30,0.2,0.21,0.2,0.2,68814
2013-08-30 00:00:00+05:30,0.2,0.21,0.19,0.2,189037
2013-09-02 00:00:00+05:30,0.2,0.21,0.2,0.2,565348
2013-09-03 00:00:00+05:30,0.2,0.21,0.2,0.2,141306
2013-09-04 00:00:00+05:30,0.2,0.21,0.2,0.2,77987
2013-09-05 00:00:00+05:30,0.2,0.21,0.2,0.21,303779
2013-09-06 00:00:00+05:30,0.2,0.22,0.2,0.21,365952
2013-09-10 00:00:00+05:30,0.21,0.22,0.21,0.22,229836
2013-09-11 00:00:00+05:30,0.23,0.23,0.22,0.22,105110
2013-09-12 00:00:00+05:30,0.22,0.23,0.21,0.23,343050
2013-09-13 00:00:00+05:30,0.23,0.24,0.22,0.22,373092
2013-09-16 00:00:00+05:30,0.23,0.23,0.22,0.22,241534
2013-09-17 00:00:00+05:30,0.23,0.23,0.22,0.22,121234
2013-09-18 00:00:00+05:30,0.22,0.23,0.21,0.21,707395
2013-09-19 00:00:00+05:30,0.21,0.22,0.2,0.2,551410
2013-09-20 00:00:00+05:30,0.2,0.21,0.2,0.2,641250
2013-09-23 00:00:00+05:30,0.2,0.21,0.2,0.2,168842
2013-09-24 00:00:00+05:30,0.2,0.21,0.2,0.2,177594
2013-09-25 00:00:00+05:30,0.21,0.21,0.2,0.21,122515
2013-09-26 00:00:00+05:30,0.2,0.21,0.2,0.2,80005
2013-09-27 00:00:00+05:30,0.21,0.21,0.2,0.21,150691
2013-09-30 00:00:00+05:30,0.21,0.21,0.2,0.2,389230
2013-10-01 00:00:00+05:30,0.2,0.21,0.2,0.2,127559
2013-10-03 00:00:00+05:30,0.21,0.21,0.19,0.2,110700
2013-10-04 00:00:00+05:30,0.2,0.21,0.2,0.2,170812
2013-10-07 00:00:00+05:30,0.2,0.21,0.19,0.19,61737
2013-10-08 00:00:00+05:30,0.2,0.2,0.19,0.2,30909
2013-10-09 00:00:00+05:30,0.21,0.21,0.2,0.2,357429
2013-10-10 00:00:00+05:30,0.21,0.21,0.2,0.21,185390
2013-10-11 00:00:00+05:30,0.21,0.21,0.2,0.2,319008
2013-10-14 00:00:00+05:30,0.21,0.21,0.2,0.2,194232
2013-10-15 00:00:00+05:30,0.21,0.21,0.2,0.2,227708
2013-10-17 00:00:00+05:30,0.21,0.21,0.2,0.2,533067
2013-10-18 00:00:00+05:30,0.21,0.21,0.2,0.2,316487
2013-10-21 00:00:00+05:30,0.21,0.21,0.2,0.2,288966
2013-10-22 00:00:00+05:30,0.21,0.21,0.2,0.2,286086
2013-10-23 00:00:00+05:30,0.21,0.21,0.2,0.21,457905
2013-10-24 00:00:00+05:30,0.21,0.22,0.21,0.21,315787
2013-10-25 00:00:00+05:30,0.22,0.22,0.21,0.22,328009
2013-10-28 00:00:00+05:30,0.23,0.23,0.22,0.22,416445
2013-10-29 00:00:00+05:30,0.22,0.23,0.22,0.23,584426
2013-10-30 00:00:00+05:30,0.22,0.24,0.22,0.23,633036
2013-10-31 00:00:00+05:30,0.23,0.24,0.22,0.22,458158
2013-11-01 00:00:00+05:30,0.22,0.23,0.22,0.22,602202
2013-11-05 00:00:00+05:30,0.24,0.24,0.22,0.23,145265
2013-11-06 00:00:00+05:30,0.22,0.23,0.22,0.23,161041
2013-11-07 00:00:00+05:30,0.23,0.23,0.22,0.22,200890
2013-11-08 00:00:00+05:30,0.22,0.23,0.22,0.22,119837
2013-11-11 00:00:00+05:30,0.23,0.23,0.22,0.22,182694
2013-11-12 00:00:00+05:30,0.23,0.23,0.22,0.22,261701
2013-11-13 00:00:00+05:30,0.23,0.23,0.22,0.23,185516
2013-11-14 00:00:00+05:30,0.23,0.24,0.22,0.23,200745
2013-11-18 00:00:00+05:30,0.22,0.24,0.22,0.23,474246
2013-11-19 00:00:00+05:30,0.24,0.24,0.23,0.23,422675
2013-11-20 00:00:00+05:30,0.24,0.24,0.24,0.24,354271
2013-11-21 00:00:00+05:30,0.23,0.25,0.23,0.24,339290
2013-11-22 00:00:00+05:30,0.23,0.25,0.23,0.23,413206
2013-11-25 00:00:00+05:30,0.24,0.24,0.23,0.23,271819
2013-11-26 00:00:00+05:30,0.23,0.24,0.23,0.24,242006
2013-11-27 00:00:00+05:30,0.23,0.24,0.23,0.23,213733
2013-11-28 00:00:00+05:30,0.24,0.24,0.22,0.23,190002
2013-11-29 00:00:00+05:30,0.24,0.24,0.23,0.24,583001
2013-12-02 00:00:00+05:30,0.24,0.24,0.23,0.23,306664
2013-12-03 00:00:00+05:30,0.22,0.24,0.22,0.23,387334
2013-12-04 00:00:00+05:30,0.24,0.24,0.22,0.22,411481
2013-12-05 00:00:00+05:30,0.23,0.23,0.21,0.21,704856
2013-12-06 00:00:00+05:30,0.21,0.22,0.2,0.21,1818325
2013-12-09 00:00:00+05:30,0.22,0.22,0.21,0.22,406513
2013-12-10 00:00:00+05:30,0.22,0.23,0.22,0.22,98437
2013-12-11 00:00:00+05:30,0.23,0.23,0.22,0.22,307687
2013-12-12 00:00:00+05:30,0.23,0.23,0.21,0.21,203652
2013-12-13 00:00:00+05:30,0.22,0.22,0.21,0.21,298376
2013-12-16 00:00:00+05:30,0.21,0.22,0.21,0.21,181512
2013-12-17 00:00:00+05:30,0.22,0.22,0.21,0.21,154395
2013-12-18 00:00:00+05:30,0.21,0.22,0.2,0.21,551607
2013-12-19 00:00:00+05:30,0.22,0.22,0.2,0.2,413155
2013-12-20 00:00:00+05:30,0.2,0.21,0.2,0.2,505950
2013-12-23 00:00:00+05:30,0.21,0.21,0.2,0.2,678724
2013-12-24 00:00:00+05:30,0.21,0.21,0.2,0.21,130939
2013-12-26 00:00:00+05:30,0.22,0.22,0.21,0.21,351089
2013-12-27 00:00:00+05:30,0.22,0.22,0.21,0.22,308199
2013-12-30 00:00:00+05:30,0.22,0.23,0.22,0.23,487476
2013-12-31 00:00:00+05:30,0.23,0.24,0.23,0.24,769828
2014-01-01 00:00:00+05:30,0.25,0.25,0.24,0.25,365544
2014-01-02 00:00:00+05:30,0.26,0.26,0.26,0.26,194478
2014-01-03 00:00:00+05:30,0.27,0.27,0.27,0.27,52301
2014-01-06 00:00:00+05:30,0.28,0.28,0.28,0.28,80291
2014-01-07 00:00:00+05:30,0.28,0.28,0.28,0.28,27700
2014-01-08 00:00:00+05:30,0.3,0.3,0.3,0.3,51260
2014-01-09 00:00:00+05:30,0.31,0.31,0.31,0.31,46010
2014-01-10 00:00:00+05:30,0.32,0.32,0.32,0.32,11950
2014-01-13 00:00:00+05:30,0.33,0.33,0.33,0.33,43448
2014-01-14 00:00:00+05:30,0.34,0.34,0.34,0.34,14222
2014-01-15 00:00:00+05:30,0.35,0.35,0.35,0.35,43508
2014-01-16 00:00:00+05:30,0.36,0.36,0.36,0.36,38351
2014-01-17 00:00:00+05:30,0.37,0.37,0.37,0.37,182471
2014-01-20 00:00:00+05:30,0.38,0.38,0.38,0.38,1034154
2014-01-21 00:00:00+05:30,0.39,0.39,0.39,0.39,160047
2014-01-22 00:00:00+05:30,0.4,0.4,0.4,0.4,79041
2014-01-23 00:00:00+05:30,0.42,0.42,0.42,0.42,19749
2014-01-24 00:00:00+05:30,0.44,0.44,0.44,0.44,250382
2014-01-27 00:00:00+05:30,0.46,0.46,0.46,0.46,189411
2014-01-28 00:00:00+05:30,0.48,0.48,0.48,0.48,34292
2014-01-29 00:00:00+05:30,0.5,0.5,0.5,0.5,74511
2014-01-30 00:00:00+05:30,0.51,0.52,0.5,0.52,989621
2014-01-31 00:00:00+05:30,0.54,0.54,0.54,0.54,523896
2014-02-03 00:00:00+05:30,0.56,0.56,0.56,0.56,96473
2014-02-04 00:00:00+05:30,0.57,0.57,0.57,0.57,138639
2014-02-05 00:00:00+05:30,0.6,0.6,0.56,0.59,1405117
2014-02-06 00:00:00+05:30,0.56,0.56,0.56,0.56,269165
2014-02-07 00:00:00+05:30,0.55,0.55,0.55,0.55,76060
2014-02-10 00:00:00+05:30,0.53,0.53,0.53,0.53,31050
2014-02-11 00:00:00+05:30,0.51,0.51,0.51,0.51,5476
2014-02-12 00:00:00+05:30,0.49,0.49,0.49,0.49,121737
2014-02-13 00:00:00+05:30,0.47,0.47,0.47,0.47,260802
2014-02-14 00:00:00+05:30,0.45,0.45,0.45,0.45,345470
2014-02-17 00:00:00+05:30,0.43,0.43,0.43,0.43,34705
2014-02-18 00:00:00+05:30,0.41,0.41,0.41,0.41,45704
2014-02-19 00:00:00+05:30,0.39,0.39,0.39,0.39,14804
2014-02-20 00:00:00+05:30,0.38,0.39,0.38,0.38,633032
2014-02-21 00:00:00+05:30,0.37,0.37,0.37,0.37,593330
2014-02-24 00:00:00+05:30,0.36,0.38,0.36,0.38,754076
2014-02-25 00:00:00+05:30,0.39,0.39,0.39,0.39,131178
2014-02-26 00:00:00+05:30,0.4,0.4,0.4,0.4,72056
2014-02-28 00:00:00+05:30,0.42,0.42,0.42,0.42,37600
2014-03-03 00:00:00+05:30,0.44,0.44,0.44,0.44,76511
2014-03-04 00:00:00+05:30,0.46,0.46,0.46,0.46,125972
2014-03-05 00:00:00+05:30,0.48,0.48,0.44,0.45,646804
2014-03-06 00:00:00+05:30,0.45,0.46,0.43,0.43,236559
2014-03-07 00:00:00+05:30,0.44,0.45,0.41,0.41,415888
2014-03-10 00:00:00+05:30,0.4,0.43,0.39,0.4,446323
2014-03-11 00:00:00+05:30,0.41,0.42,0.41,0.42,103544
2014-03-12 00:00:00+05:30,0.43,0.44,0.42,0.43,447111
2014-03-13 00:00:00+05:30,0.44,0.45,0.42,0.42,309503
2014-03-14 00:00:00+05:30,0.41,0.41,0.4,0.4,260793
2014-03-18 00:00:00+05:30,0.4,0.41,0.39,0.4,203953
2014-03-19 00:00:00+05:30,0.4,0.41,0.39,0.39,172022
2014-03-20 00:00:00+05:30,0.38,0.38,0.38,0.38,77617
2014-03-21 00:00:00+05:30,0.37,0.37,0.37,0.37,79200
2014-03-24 00:00:00+05:30,0.36,0.38,0.36,0.36,329950
2014-03-25 00:00:00+05:30,0.36,0.37,0.35,0.35,414071
2014-03-26 00:00:00+05:30,0.35,0.36,0.34,0.36,366043
2014-03-27 00:00:00+05:30,0.37,0.37,0.35,0.36,355297
2014-03-28 00:00:00+05:30,0.35,0.37,0.35,0.35,232196
2014-03-31 00:00:00+05:30,0.35,0.36,0.34,0.36,452734
2014-04-01 00:00:00+05:30,0.37,0.37,0.35,0.37,228063
2014-04-02 00:00:00+05:30,0.37,0.38,0.36,0.37,1065790
2014-04-03 00:00:00+05:30,0.38,0.38,0.36,0.37,241130
2014-04-04 00:00:00+05:30,0.37,0.38,0.37,0.37,199155
2014-04-07 00:00:00+05:30,0.38,0.38,0.38,0.38,160206
2014-04-09 00:00:00+05:30,0.38,0.39,0.38,0.39,266669
2014-04-10 00:00:00+05:30,0.4,0.4,0.38,0.4,372320
2014-04-11 00:00:00+05:30,0.42,0.42,0.4,0.42,290956
2014-04-15 00:00:00+05:30,0.44,0.44,0.43,0.44,322431
2014-04-16 00:00:00+05:30,0.46,0.46,0.43,0.43,86583
2014-04-17 00:00:00+05:30,0.43,0.45,0.43,0.44,226973
2014-04-21 00:00:00+05:30,0.44,0.45,0.42,0.44,338372
2014-04-22 00:00:00+05:30,0.43,0.46,0.43,0.45,529153
2014-04-23 00:00:00+05:30,0.46,0.46,0.44,0.45,206927
2014-04-25 00:00:00+05:30,0.45,0.46,0.43,0.43,203243
2014-04-28 00:00:00+05:30,0.44,0.44,0.41,0.41,562799
2014-04-29 00:00:00+05:30,0.41,0.41,0.39,0.39,393561
2014-04-30 00:00:00+05:30,0.39,0.4,0.38,0.38,118778
2014-05-02 00:00:00+05:30,0.38,0.39,0.37,0.38,154345
2014-05-05 00:00:00+05:30,0.38,0.38,0.37,0.37,100500
2014-05-06 00:00:00+05:30,0.38,0.38,0.36,0.36,134502
2014-05-07 00:00:00+05:30,0.35,0.37,0.35,0.37,99378
2014-05-08 00:00:00+05:30,0.37,0.37,0.36,0.37,160025
2014-05-09 00:00:00+05:30,0.37,0.37,0.36,0.36,66052
2014-05-12 00:00:00+05:30,0.35,0.37,0.35,0.37,461785
2014-05-13 00:00:00+05:30,0.36,0.38,0.36,0.36,193788
2014-05-14 00:00:00+05:30,0.36,0.37,0.36,0.37,326802
2014-05-15 00:00:00+05:30,0.36,0.37,0.36,0.36,375354
2014-05-16 00:00:00+05:30,0.36,0.37,0.35,0.35,372961
2014-05-19 00:00:00+05:30,0.35,0.36,0.34,0.36,388990
2014-05-20 00:00:00+05:30,0.35,0.37,0.35,0.36,450403
2014-05-21 00:00:00+05:30,0.35,0.37,0.35,0.36,335975
2014-05-22 00:00:00+05:30,0.36,0.37,0.36,0.37,146930
2014-05-23 00:00:00+05:30,0.38,0.38,0.37,0.38,461370
2014-05-26 00:00:00+05:30,0.39,0.39,0.39,0.39,249234
2014-05-27 00:00:00+05:30,0.4,0.4,0.4,0.4,180873
2014-05-28 00:00:00+05:30,0.4,0.42,0.4,0.42,495293
2014-05-29 00:00:00+05:30,0.41,0.44,0.41,0.44,801853
2014-05-30 00:00:00+05:30,0.46,0.46,0.46,0.46,427061
2014-06-02 00:00:00+05:30,0.48,0.48,0.44,0.45,915182
2014-06-03 00:00:00+05:30,0.45,0.45,0.43,0.43,1013979
2014-06-04 00:00:00+05:30,0.41,0.43,0.41,0.41,433744
2014-06-05 00:00:00+05:30,0.41,0.43,0.41,0.43,74083
2014-06-06 00:00:00+05:30,0.45,0.45,0.45,0.45,119430
2014-06-09 00:00:00+05:30,0.47,0.47,0.47,0.47,487811
2014-06-10 00:00:00+05:30,0.49,0.49,0.47,0.49,853560
2014-06-11 00:00:00+05:30,0.51,0.51,0.49,0.51,665807
2014-06-12 00:00:00+05:30,0.53,0.53,0.53,0.53,775660
2014-06-13 00:00:00+05:30,0.55,0.55,0.55,0.55,651951
2014-06-16 00:00:00+05:30,0.56,0.56,0.53,0.54,684969
2014-06-17 00:00:00+05:30,0.54,0.56,0.53,0.56,775841
2014-06-18 00:00:00+05:30,0.57,0.57,0.56,0.57,611209
2014-06-19 00:00:00+05:30,0.57,0.6,0.56,0.56,312868
2014-06-20 00:00:00+05:30,0.54,0.56,0.54,0.54,311872
2014-06-23 00:00:00+05:30,0.55,0.56,0.52,0.53,468585
2014-06-24 00:00:00+05:30,0.53,0.55,0.51,0.52,382707
2014-06-25 00:00:00+05:30,0.53,0.53,0.5,0.52,254746
2014-06-26 00:00:00+05:30,0.5,0.54,0.5,0.51,427303
2014-06-27 00:00:00+05:30,0.52,0.53,0.5,0.52,377054
2014-06-30 00:00:00+05:30,0.52,0.54,0.51,0.52,404872
2014-07-01 00:00:00+05:30,0.53,0.53,0.5,0.52,474710
2014-07-02 00:00:00+05:30,0.52,0.54,0.51,0.52,789446
2014-07-03 00:00:00+05:30,0.52,0.54,0.51,0.51,232862
2014-07-04 00:00:00+05:30,0.51,0.53,0.51,0.52,257700
2014-07-07 00:00:00+05:30,0.53,0.53,0.5,0.5,1011933
2014-07-08 00:00:00+05:30,0.5,0.51,0.48,0.48,439831
2014-07-09 00:00:00+05:30,0.47,0.49,0.46,0.47,300176
2014-07-10 00:00:00+05:30,0.45,0.48,0.45,0.45,255165
2014-07-11 00:00:00+05:30,0.43,0.46,0.43,0.43,136790
2014-07-14 00:00:00+05:30,0.44,0.44,0.41,0.42,116137
2014-07-15 00:00:00+05:30,0.4,0.44,0.4,0.43,304586
2014-07-16 00:00:00+05:30,0.43,0.43,0.41,0.41,236085
2014-07-17 00:00:00+05:30,0.4,0.43,0.4,0.43,376937
2014-07-18 00:00:00+05:30,0.44,0.44,0.42,0.43,208702
2014-07-21 00:00:00+05:30,0.44,0.44,0.42,0.43,226229
2014-07-22 00:00:00+05:30,0.42,0.44,0.42,0.43,116837
2014-07-23 00:00:00+05:30,0.42,0.44,0.41,0.41,404700
2014-07-24 00:00:00+05:30,0.41,0.41,0.39,0.39,503103
2014-07-25 00:00:00+05:30,0.39,0.4,0.38,0.38,155409
2014-07-28 00:00:00+05:30,0.37,0.39,0.37,0.38,71269
2014-07-30 00:00:00+05:30,0.38,0.39,0.37,0.39,125050
2014-07-31 00:00:00+05:30,0.4,0.4,0.39,0.4,172195
2014-08-01 00:00:00+05:30,0.4,0.4,0.38,0.38,403274
2014-08-04 00:00:00+05:30,0.39,0.39,0.37,0.37,78191
2014-08-05 00:00:00+05:30,0.37,0.38,0.36,0.37,152003
2014-08-06 00:00:00+05:30,0.37,0.38,0.36,0.37,242181
2014-08-07 00:00:00+05:30,0.37,0.38,0.36,0.36,345815
2014-08-08 00:00:00+05:30,0.36,0.37,0.35,0.36,523944
2014-08-11 00:00:00+05:30,0.36,0.37,0.35,0.36,737727
2014-08-12 00:00:00+05:30,0.36,0.37,0.36,0.36,297866
2014-08-13 00:00:00+05:30,0.36,0.37,0.36,0.36,691114
2014-08-14 00:00:00+05:30,0.36,0.37,0.36,0.37,236984
2014-08-18 00:00:00+05:30,0.36,0.38,0.36,0.36,254439
2014-08-19 00:00:00+05:30,0.36,0.37,0.35,0.36,319984
2014-08-20 00:00:00+05:30,0.36,0.37,0.35,0.37,367367
2014-08-21 00:00:00+05:30,0.36,0.38,0.36,0.38,238815
2014-08-22 00:00:00+05:30,0.38,0.39,0.37,0.38,153777
2014-08-25 00:00:00+05:30,0.39,0.39,0.37,0.37,390538
2014-08-26 00:00:00+05:30,0.36,0.36,0.36,0.36,145507
2014-08-27 00:00:00+05:30,0.35,0.35,0.35,0.35,129731
2014-08-28 00:00:00+05:30,0.34,0.34,0.34,0.34,532635
2014-09-01 00:00:00+05:30,0.33,0.35,0.33,0.34,573813
2014-09-02 00:00:00+05:30,0.34,0.35,0.34,0.35,326107
2014-09-03 00:00:00+05:30,0.34,0.36,0.34,0.34,590148
2014-09-04 00:00:00+05:30,0.35,0.35,0.33,0.34,150805
2014-09-05 00:00:00+05:30,0.34,0.35,0.32,0.34,410230
2014-09-08 00:00:00+05:30,0.35,0.36,0.33,0.34,690695
2014-09-09 00:00:00+05:30,0.33,0.37,0.33,0.37,747284
2014-09-10 00:00:00+05:30,0.37,0.4,0.37,0.4,701958
2014-09-11 00:00:00+05:30,0.42,0.42,0.42,0.42,329774
2014-09-12 00:00:00+05:30,0.44,0.44,0.44,0.44,472182
2014-09-15 00:00:00+05:30,0.46,0.46,0.43,0.46,765741
2014-09-16 00:00:00+05:30,0.48,0.48,0.44,0.44,774134
2014-09-17 00:00:00+05:30,0.45,0.46,0.43,0.45,811266
2014-09-18 00:00:00+05:30,0.46,0.47,0.44,0.46,784351
2014-09-19 00:00:00+05:30,0.47,0.47,0.44,0.46,686284
2014-09-22 00:00:00+05:30,0.45,0.46,0.44,0.45,252481
2014-09-23 00:00:00+05:30,0.45,0.45,0.43,0.43,701636
2014-09-24 00:00:00+05:30,0.42,0.44,0.41,0.41,1371407
2014-09-25 00:00:00+05:30,0.41,0.41,0.39,0.39,282156
2014-09-26 00:00:00+05:30,0.38,0.4,0.38,0.39,298269
2014-09-29 00:00:00+05:30,0.4,0.4,0.38,0.38,329525
2014-09-30 00:00:00+05:30,0.37,0.38,0.37,0.37,110674
2014-10-01 00:00:00+05:30,0.36,0.38,0.36,0.37,160177
2014-10-07 00:00:00+05:30,0.37,0.38,0.36,0.36,391604
2014-10-08 00:00:00+05:30,0.37,0.37,0.35,0.35,397614
2014-10-09 00:00:00+05:30,0.36,0.36,0.35,0.36,309746
2014-10-10 00:00:00+05:30,0.37,0.37,0.36,0.36,241553
2014-10-13 00:00:00+05:30,0.37,0.37,0.35,0.36,340149
2014-10-14 00:00:00+05:30,0.36,0.37,0.35,0.35,785818
2014-10-16 00:00:00+05:30,0.35,0.36,0.34,0.36,248380
2014-10-17 00:00:00+05:30,0.36,0.37,0.35,0.36,171039
2014-10-20 00:00:00+05:30,0.36,0.37,0.35,0.36,88294
2014-10-21 00:00:00+05:30,0.35,0.37,0.35,0.36,240849
2014-10-22 00:00:00+05:30,0.36,0.36,0.35,0.36,133695
2014-10-23 00:00:00+05:30,0.36,0.37,0.36,0.37,278030
2014-10-27 00:00:00+05:30,0.37,0.37,0.36,0.36,196470
2014-10-28 00:00:00+05:30,0.35,0.37,0.35,0.36,226894
2014-10-29 00:00:00+05:30,0.37,0.37,0.35,0.37,147023
2014-10-30 00:00:00+05:30,0.37,0.38,0.36,0.36,367362
2014-10-31 00:00:00+05:30,0.37,0.37,0.35,0.35,448533
2014-11-03 00:00:00+05:30,0.36,0.36,0.34,0.36,361813
2014-11-05 00:00:00+05:30,0.36,0.37,0.35,0.35,496668
2014-11-07 00:00:00+05:30,0.36,0.36,0.34,0.35,299071
2014-11-10 00:00:00+05:30,0.35,0.36,0.35,0.35,257987
2014-11-11 00:00:00+05:30,0.35,0.36,0.34,0.36,575138
2014-11-12 00:00:00+05:30,0.36,0.36,0.34,0.34,275230
2014-11-13 00:00:00+05:30,0.36,0.36,0.34,0.35,366227
2014-11-14 00:00:00+05:30,0.36,0.36,0.34,0.36,187113
2014-11-17 00:00:00+05:30,0.36,0.36,0.35,0.35,90869
2014-11-18 00:00:00+05:30,0.35,0.36,0.34,0.35,231532
2014-11-19 00:00:00+05:30,0.36,0.36,0.34,0.34,187091
2014-11-20 00:00:00+05:30,0.35,0.35,0.34,0.34,65557
2014-11-21 00:00:00+05:30,0.35,0.35,0.33,0.33,776790
2014-11-24 00:00:00+05:30,0.32,0.33,0.32,0.33,487935
2014-11-25 00:00:00+05:30,0.33,0.34,0.32,0.34,420886
2014-11-26 00:00:00+05:30,0.34,0.34,0.33,0.33,635686
2014-11-27 00:00:00+05:30,0.32,0.33,0.32,0.32,337027
2014-11-28 00:00:00+05:30,0.32,0.33,0.31,0.32,230161
2014-12-01 00:00:00+05:30,0.33,0.33,0.31,0.32,448761
2014-12-02 00:00:00+05:30,0.32,0.33,0.31,0.32,79622
2014-12-03 00:00:00+05:30,0.32,0.32,0.31,0.32,192618
2014-12-04 00:00:00+05:30,0.32,0.32,0.31,0.32,456406
2014-12-05 00:00:00+05:30,0.32,0.32,0.31,0.31,150481
2014-12-08 00:00:00+05:30,0.3,0.32,0.3,0.32,488361
2014-12-09 00:00:00+05:30,0.32,0.32,0.31,0.31,289906
2014-12-10 00:00:00+05:30,0.31,0.32,0.3,0.31,515206
2014-12-11 00:00:00+05:30,0.3,0.31,0.3,0.3,168443
2014-12-12 00:00:00+05:30,0.28,0.31,0.28,0.28,491938
2014-12-15 00:00:00+05:30,0.3,0.3,0.28,0.28,304941
2014-12-16 00:00:00+05:30,0.28,0.28,0.27,0.27,652110
2014-12-17 00:00:00+05:30,0.28,0.28,0.26,0.27,190781
2014-12-18 00:00:00+05:30,0.27,0.28,0.26,0.28,491484
2014-12-19 00:00:00+05:30,0.28,0.28,0.27,0.28,420207
2014-12-22 00:00:00+05:30,0.28,0.3,0.28,0.28,216847
2014-12-23 00:00:00+05:30,0.28,0.3,0.28,0.28,337544
2014-12-24 00:00:00+05:30,0.27,0.28,0.27,0.28,140732
2014-12-26 00:00:00+05:30,0.28,0.28,0.27,0.28,112278
2014-12-29 00:00:00+05:30,0.28,0.28,0.28,0.28,191948
2014-12-30 00:00:00+05:30,0.28,0.3,0.28,0.28,137833
2014-12-31 00:00:00+05:30,0.28,0.28,0.27,0.28,352093
2015-01-01 00:00:00+05:30,0.27,0.28,0.27,0.28,181254
2015-01-02 00:00:00+05:30,0.28,0.28,0.27,0.28,249699
2015-01-05 00:00:00+05:30,0.3,0.3,0.3,0.3,144268
2015-01-06 00:00:00+05:30,0.31,0.31,0.31,0.31,22446
2015-01-07 00:00:00+05:30,0.32,0.32,0.32,0.32,62686
2015-01-08 00:00:00+05:30,0.33,0.33,0.33,0.33,88078
2015-01-09 00:00:00+05:30,0.34,0.34,0.34,0.34,144194
2015-01-12 00:00:00+05:30,0.35,0.35,0.34,0.34,224878
2015-01-13 00:00:00+05:30,0.35,0.35,0.34,0.35,235088
2015-01-14 00:00:00+05:30,0.36,0.36,0.34,0.35,412648
2015-01-15 00:00:00+05:30,0.36,0.36,0.35,0.36,269122
2015-01-16 00:00:00+05:30,0.37,0.37,0.35,0.37,611692
2015-01-19 00:00:00+05:30,0.38,0.38,0.36,0.37,195362
2015-01-20 00:00:00+05:30,0.37,0.38,0.36,0.38,357478
2015-01-21 00:00:00+05:30,0.39,0.39,0.37,0.38,601735
2015-01-22 00:00:00+05:30,0.39,0.39,0.37,0.37,707032
2015-01-23 00:00:00+05:30,0.37,0.38,0.36,0.36,344875
2015-01-27 00:00:00+05:30,0.35,0.37,0.35,0.36,830344
2015-01-28 00:00:00+05:30,0.35,0.36,0.35,0.35,235513
2015-01-29 00:00:00+05:30,0.36,0.36,0.34,0.34,248756
2015-01-30 00:00:00+05:30,0.35,0.35,0.33,0.34,113489
2015-02-02 00:00:00+05:30,0.35,0.35,0.33,0.34,276022
2015-02-03 00:00:00+05:30,0.35,0.35,0.33,0.35,379311
2015-02-04 00:00:00+05:30,0.34,0.35,0.34,0.34,150258
2015-02-05 00:00:00+05:30,0.33,0.34,0.33,0.33,164288
2015-02-06 00:00:00+05:30,0.34,0.34,0.32,0.34,403791
2015-02-09 00:00:00+05:30,0.33,0.34,0.33,0.33,81554
2015-02-10 00:00:00+05:30,0.33,0.33,0.32,0.32,133336
2015-02-11 00:00:00+05:30,0.31,0.31,0.31,0.31,63065
2015-02-12 00:00:00+05:30,0.3,0.32,0.3,0.31,246891
2015-02-13 00:00:00+05:30,0.32,0.32,0.3,0.31,130682
2015-02-16 00:00:00+05:30,0.32,0.32,0.32,0.32,141516
2015-02-18 00:00:00+05:30,0.32,0.33,0.31,0.32,430661
2015-02-19 00:00:00+05:30,0.31,0.32,0.31,0.31,494859
2015-02-20 00:00:00+05:30,0.32,0.32,0.3,0.31,1101872
2015-02-23 00:00:00+05:30,0.3,0.32,0.3,0.31,307399
2015-02-24 00:00:00+05:30,0.31,0.32,0.3,0.31,853311
2015-02-25 00:00:00+05:30,0.31,0.31,0.3,0.3,335374
2015-02-26 00:00:00+05:30,0.31,0.31,0.28,0.28,1037651
2015-02-27 00:00:00+05:30,0.28,0.3,0.28,0.28,352481
2015-03-02 00:00:00+05:30,0.3,0.3,0.28,0.28,246508
2015-03-03 00:00:00+05:30,0.28,0.28,0.27,0.28,412991
2015-03-04 00:00:00+05:30,0.3,0.3,0.28,0.28,320040
2015-03-05 00:00:00+05:30,0.3,0.3,0.28,0.28,209602
2015-03-09 00:00:00+05:30,0.28,0.28,0.27,0.27,429421
2015-03-10 00:00:00+05:30,0.28,0.28,0.27,0.28,183754
2015-03-11 00:00:00+05:30,0.28,0.28,0.28,0.28,283569
2015-03-12 00:00:00+05:30,0.28,0.28,0.28,0.28,193469
2015-03-13 00:00:00+05:30,0.28,0.28,0.27,0.28,254707
2015-03-16 00:00:00+05:30,0.27,0.28,0.27,0.28,359766
2015-03-17 00:00:00+05:30,0.28,0.28,0.27,0.28,318373
2015-03-18 00:00:00+05:30,0.3,0.3,0.28,0.28,1084689
2015-03-19 00:00:00+05:30,0.28,0.3,0.28,0.28,339386
2015-03-20 00:00:00+05:30,0.27,0.28,0.27,0.28,1157689
2015-03-23 00:00:00+05:30,0.28,0.28,0.27,0.28,112926
2015-03-24 00:00:00+05:30,0.28,0.28,0.28,0.28,38391
2015-03-25 00:00:00+05:30,0.28,0.28,0.27,0.27,161148
2015-03-26 00:00:00+05:30,0.28,0.28,0.26,0.28,125088
2015-03-27 00:00:00+05:30,0.27,0.27,0.27,0.27,14501
2015-03-30 00:00:00+05:30,0.26,0.27,0.26,0.27,301830
2015-03-31 00:00:00+05:30,0.27,0.27,0.26,0.26,138335
2015-04-01 00:00:00+05:30,0.27,0.27,0.25,0.26,28872
2015-04-06 00:00:00+05:30,0.25,0.27,0.25,0.26,136546
2015-04-07 00:00:00+05:30,0.26,0.27,0.25,0.27,784554
2015-04-08 00:00:00+05:30,0.27,0.28,0.26,0.27,287016
2015-04-09 00:00:00+05:30,0.27,0.28,0.26,0.27,320230
2015-04-10 00:00:00+05:30,0.27,0.28,0.26,0.28,578070
2015-04-13 00:00:00+05:30,0.27,0.28,0.27,0.27,346818
2015-04-15 00:00:00+05:30,0.27,0.28,0.27,0.28,548004
2015-04-16 00:00:00+05:30,0.28,0.28,0.28,0.28,170302
2015-04-17 00:00:00+05:30,0.28,0.28,0.27,0.28,608231
2015-04-20 00:00:00+05:30,0.28,0.28,0.27,0.28,199477
2015-04-21 00:00:00+05:30,0.28,0.28,0.27,0.27,459497
2015-04-22 00:00:00+05:30,0.28,0.28,0.27,0.28,546690
2015-04-23 00:00:00+05:30,0.28,0.28,0.27,0.28,453602
2015-04-24 00:00:00+05:30,0.28,0.3,0.28,0.28,282696
2015-04-27 00:00:00+05:30,0.28,0.28,0.28,0.28,400606
2015-04-28 00:00:00+05:30,0.27,0.28,0.27,0.27,597148
2015-04-29 00:00:00+05:30,0.28,0.28,0.26,0.26,306797
2015-04-30 00:00:00+05:30,0.26,0.27,0.25,0.25,323762
2015-05-04 00:00:00+05:30,0.25,0.27,0.25,0.27,160754
2015-05-05 00:00:00+05:30,0.28,0.28,0.25,0.28,553815
2015-05-06 00:00:00+05:30,0.28,0.28,0.27,0.27,173952
2015-05-07 00:00:00+05:30,0.26,0.27,0.26,0.26,131818
2015-05-08 00:00:00+05:30,0.26,0.27,0.26,0.26,153828
2015-05-11 00:00:00+05:30,0.26,0.28,0.26,0.28,354935
2015-05-12 00:00:00+05:30,0.27,0.28,0.26,0.26,129514
2015-05-13 00:00:00+05:30,0.26,0.28,0.26,0.27,375282
2015-05-14 00:00:00+05:30,0.27,0.28,0.25,0.26,790988
2015-05-15 00:00:00+05:30,0.25,0.28,0.25,0.26,628543
2015-05-18 00:00:00+05:30,0.27,0.28,0.26,0.28,175976
2015-05-19 00:00:00+05:30,0.28,0.28,0.26,0.26,78601
2015-05-20 00:00:00+05:30,0.26,0.27,0.26,0.26,233406
2015-05-21 00:00:00+05:30,0.26,0.27,0.25,0.26,225283
2015-05-22 00:00:00+05:30,0.26,0.27,0.25,0.26,159505
2015-05-25 00:00:00+05:30,0.25,0.27,0.25,0.26,435840
2015-05-26 00:00:00+05:30,0.26,0.27,0.26,0.27,151952
2015-05-27 00:00:00+05:30,0.26,0.27,0.25,0.26,277865
2015-05-28 00:00:00+05:30,0.26,0.28,0.25,0.28,711586
2015-05-29 00:00:00+05:30,0.3,0.3,0.26,0.27,628201
2015-06-01 00:00:00+05:30,0.28,0.28,0.26,0.26,185132
2015-06-02 00:00:00+05:30,0.28,0.28,0.26,0.28,1030373
2015-06-03 00:00:00+05:30,0.28,0.28,0.26,0.27,1236717
2015-06-04 00:00:00+05:30,0.26,0.27,0.25,0.26,270301
2015-06-05 00:00:00+05:30,0.26,0.26,0.25,0.26,166744
2015-06-08 00:00:00+05:30,0.26,0.27,0.25,0.26,460576
2015-06-09 00:00:00+05:30,0.27,0.27,0.25,0.25,329480
2015-06-10 00:00:00+05:30,0.26,0.27,0.25,0.26,622574
2015-06-11 00:00:00+05:30,0.25,0.27,0.25,0.26,342198
2015-06-12 00:00:00+05:30,0.26,0.27,0.24,0.27,1063208
2015-06-15 00:00:00+05:30,0.26,0.27,0.25,0.25,453412
2015-06-16 00:00:00+05:30,0.25,0.26,0.24,0.26,211547
2015-06-17 00:00:00+05:30,0.25,0.25,0.24,0.25,228408
2015-06-18 00:00:00+05:30,0.25,0.27,0.24,0.26,471819
2015-06-19 00:00:00+05:30,0.27,0.27,0.25,0.26,173680
2015-06-22 00:00:00+05:30,0.26,0.28,0.25,0.26,865614
2015-06-23 00:00:00+05:30,0.25,0.28,0.25,0.28,855722
2015-06-24 00:00:00+05:30,0.26,0.28,0.26,0.27,858215
2015-06-25 00:00:00+05:30,0.27,0.27,0.25,0.26,188924
2015-06-26 00:00:00+05:30,0.26,0.27,0.26,0.27,76684
2015-06-29 00:00:00+05:30,0.26,0.26,0.23,0.25,552743
2015-06-30 00:00:00+05:30,0.25,0.28,0.25,0.27,1018459
2015-07-01 00:00:00+05:30,0.26,0.3,0.26,0.28,1085326
2015-07-02 00:00:00+05:30,0.27,0.28,0.27,0.28,402748
2015-07-03 00:00:00+05:30,0.28,0.28,0.27,0.27,135854
2015-07-06 00:00:00+05:30,0.26,0.28,0.26,0.28,262248
2015-07-07 00:00:00+05:30,0.28,0.28,0.27,0.27,136763
2015-07-08 00:00:00+05:30,0.27,0.28,0.27,0.28,616667
2015-07-09 00:00:00+05:30,0.28,0.28,0.27,0.28,271546
2015-07-10 00:00:00+05:30,0.28,0.28,0.27,0.27,154462
2015-07-13 00:00:00+05:30,0.27,0.28,0.27,0.27,101885
2015-07-14 00:00:00+05:30,0.28,0.28,0.27,0.28,67917
2015-07-15 00:00:00+05:30,0.28,0.28,0.27,0.27,166187
2015-07-16 00:00:00+05:30,0.28,0.28,0.26,0.27,533118
2015-07-17 00:00:00+05:30,0.28,0.28,0.27,0.28,663358
2015-07-20 00:00:00+05:30,0.27,0.28,0.26,0.26,510965
2015-07-21 00:00:00+05:30,0.27,0.27,0.25,0.26,302239
2015-07-22 00:00:00+05:30,0.25,0.26,0.25,0.26,244868
2015-07-23 00:00:00+05:30,0.25,0.26,0.25,0.26,72308
2015-07-24 00:00:00+05:30,0.25,0.27,0.25,0.25,398616
2015-07-27 00:00:00+05:30,0.26,0.26,0.25,0.25,363063
2015-07-28 00:00:00+05:30,0.26,0.27,0.25,0.26,439555
2015-07-29 00:00:00+05:30,0.25,0.27,0.25,0.27,241705
2015-07-30 00:00:00+05:30,0.26,0.27,0.25,0.27,241827
2015-07-31 00:00:00+05:30,0.26,0.27,0.26,0.27,332352
2015-08-03 00:00:00+05:30,0.27,0.27,0.26,0.26,175969
2015-08-04 00:00:00+05:30,0.26,0.27,0.26,0.26,443559
2015-08-05 00:00:00+05:30,0.27,0.27,0.26,0.27,412873
2015-08-06 00:00:00+05:30,0.27,0.27,0.26,0.26,131119
2015-08-07 00:00:00+05:30,0.27,0.27,0.26,0.27,134540
2015-08-10 00:00:00+05:30,0.26,0.27,0.26,0.27,512061
2015-08-11 00:00:00+05:30,0.27,0.31,0.26,0.28,1304948
2015-08-12 00:00:00+05:30,0.31,0.34,0.28,0.34,792075
2015-08-13 00:00:00+05:30,0.38,0.4,0.35,0.39,1281675
2015-08-14 00:00:00+05:30,0.36,0.38,0.36,0.36,358549
2015-08-17 00:00:00+05:30,0.34,0.34,0.33,0.33,359659
2015-08-18 00:00:00+05:30,0.31,0.33,0.3,0.31,333977
2015-08-19 00:00:00+05:30,0.3,0.32,0.3,0.31,316547
2015-08-20 00:00:00+05:30,0.3,0.32,0.3,0.32,249767
2015-08-21 00:00:00+05:30,0.33,0.33,0.32,0.33,423604
2015-08-24 00:00:00+05:30,0.32,0.33,0.32,0.32,44773
2015-08-25 00:00:00+05:30,0.31,0.31,0.31,0.31,2
2015-08-26 00:00:00+05:30,0.3,0.3,0.3,0.3,137302
2015-08-27 00:00:00+05:30,0.28,0.31,0.28,0.31,534179
2015-08-28 00:00:00+05:30,0.3,0.32,0.3,0.3,671590
2015-08-31 00:00:00+05:30,0.3,0.31,0.28,0.28,273124
2015-09-01 00:00:00+05:30,0.3,0.3,0.3,0.3,212931
2015-09-02 00:00:00+05:30,0.31,0.31,0.3,0.3,105875
2015-09-03 00:00:00+05:30,0.31,0.31,0.3,0.3,100630
2015-09-04 00:00:00+05:30,0.3,0.31,0.28,0.3,188981
2015-09-07 00:00:00+05:30,0.3,0.31,0.28,0.31,398300
2015-09-08 00:00:00+05:30,0.31,0.32,0.3,0.3,823220
2015-09-09 00:00:00+05:30,0.3,0.31,0.28,0.31,678459
2015-09-10 00:00:00+05:30,0.3,0.32,0.3,0.32,202553
2015-09-11 00:00:00+05:30,0.31,0.33,0.31,0.31,153313
2015-09-14 00:00:00+05:30,0.32,0.32,0.3,0.32,230459
2015-09-15 00:00:00+05:30,0.33,0.33,0.31,0.33,456892
2015-09-16 00:00:00+05:30,0.33,0.34,0.33,0.34,282900
2015-09-18 00:00:00+05:30,0.35,0.35,0.33,0.35,521946
2015-09-21 00:00:00+05:30,0.35,0.36,0.34,0.36,83409
2015-09-22 00:00:00+05:30,0.37,0.37,0.36,0.37,626998
2015-09-23 00:00:00+05:30,0.37,0.38,0.36,0.38,271896
2015-09-24 00:00:00+05:30,0.39,0.39,0.38,0.39,478348
2015-09-28 00:00:00+05:30,0.4,0.4,0.4,0.4,58676
2015-09-29 00:00:00+05:30,0.42,0.42,0.4,0.42,401055
2015-09-30 00:00:00+05:30,0.44,0.44,0.44,0.44,76370
2015-10-01 00:00:00+05:30,0.46,0.46,0.46,0.46,33316
2015-10-05 00:00:00+05:30,0.48,0.48,0.48,0.48,148612
2015-10-06 00:00:00+05:30,0.48,0.5,0.48,0.5,157975
2015-10-07 00:00:00+05:30,0.52,0.52,0.52,0.52,967321
2015-10-08 00:00:00+05:30,0.54,0.54,0.54,0.54,336332
2015-10-09 00:00:00+05:30,0.56,0.56,0.52,0.53,1125256
2015-10-12 00:00:00+05:30,0.54,0.54,0.51,0.51,165760
2015-10-13 00:00:00+05:30,0.49,0.49,0.49,0.49,643565
2015-10-14 00:00:00+05:30,0.47,0.49,0.47,0.47,187541
2015-10-15 00:00:00+05:30,0.45,0.45,0.45,0.45,53750
2015-10-16 00:00:00+05:30,0.43,0.43,0.43,0.43,144150
2015-10-19 00:00:00+05:30,0.41,0.41,0.41,0.41,51400
2015-10-20 00:00:00+05:30,0.39,0.39,0.39,0.39,166315
2015-10-21 00:00:00+05:30,0.38,0.4,0.38,0.38,474726
2015-10-23 00:00:00+05:30,0.39,0.39,0.37,0.39,406709
2015-10-26 00:00:00+05:30,0.4,0.4,0.38,0.38,64508
2015-10-27 00:00:00+05:30,0.37,0.37,0.37,0.37,161612
2015-10-28 00:00:00+05:30,0.38,0.38,0.36,0.37,116276
2015-10-29 00:00:00+05:30,0.36,0.38,0.36,0.36,127895
2015-10-30 00:00:00+05:30,0.35,0.37,0.35,0.37,100960
2015-11-02 00:00:00+05:30,0.36,0.38,0.36,0.36,107902
2015-11-03 00:00:00+05:30,0.37,0.37,0.35,0.37,123017
2015-11-04 00:00:00+05:30,0.37,0.38,0.36,0.38,204734
2015-11-05 00:00:00+05:30,0.37,0.39,0.37,0.37,197907
2015-11-06 00:00:00+05:30,0.36,0.38,0.36,0.38,231308
2015-11-09 00:00:00+05:30,0.38,0.39,0.37,0.37,117704
2015-11-10 00:00:00+05:30,0.36,0.38,0.36,0.38,447943
2015-11-11 00:00:00+05:30,0.39,0.39,0.38,0.39,62794
2015-11-13 00:00:00+05:30,0.4,0.4,0.38,0.39,99592
2015-11-16 00:00:00+05:30,0.4,0.4,0.38,0.38,80189
2015-11-17 00:00:00+05:30,0.37,0.39,0.37,0.39,190667
2015-11-18 00:00:00+05:30,0.4,0.4,0.38,0.39,395512
2015-11-19 00:00:00+05:30,0.4,0.4,0.38,0.38,189087
2015-11-20 00:00:00+05:30,0.39,0.39,0.37,0.37,141211
2015-11-23 00:00:00+05:30,0.37,0.38,0.37,0.38,479433
2015-11-24 00:00:00+05:30,0.39,0.39,0.38,0.38,123706
2015-11-26 00:00:00+05:30,0.39,0.39,0.37,0.38,510704
2015-11-27 00:00:00+05:30,0.38,0.39,0.37,0.37,431392
2015-11-30 00:00:00+05:30,0.36,0.38,0.36,0.38,359121
2015-12-01 00:00:00+05:30,0.39,0.39,0.38,0.39,358114
2015-12-02 00:00:00+05:30,0.4,0.4,0.38,0.39,647859
2015-12-03 00:00:00+05:30,0.39,0.39,0.38,0.38,339512
2015-12-04 00:00:00+05:30,0.38,0.39,0.37,0.39,218498
2015-12-07 00:00:00+05:30,0.38,0.4,0.38,0.4,403109
2015-12-08 00:00:00+05:30,0.43,0.43,0.38,0.4,960271
2015-12-09 00:00:00+05:30,0.39,0.42,0.39,0.41,343311
2015-12-10 00:00:00+05:30,0.42,0.45,0.41,0.45,1355129
2015-12-11 00:00:00+05:30,0.47,0.47,0.47,0.47,154173
2015-12-14 00:00:00+05:30,0.49,0.49,0.48,0.49,1127309
2015-12-15 00:00:00+05:30,0.49,0.5,0.47,0.5,575530
2015-12-16 00:00:00+05:30,0.49,0.52,0.48,0.52,1179429
2015-12-17 00:00:00+05:30,0.52,0.54,0.51,0.52,1311868
2015-12-18 00:00:00+05:30,0.52,0.54,0.5,0.54,528633
2015-12-21 00:00:00+05:30,0.54,0.56,0.52,0.53,339751
2015-12-22 00:00:00+05:30,0.53,0.53,0.51,0.51,375144
2015-12-23 00:00:00+05:30,0.49,0.49,0.49,0.49,81221
2015-12-24 00:00:00+05:30,0.5,0.51,0.48,0.49,878750
2015-12-28 00:00:00+05:30,0.49,0.5,0.48,0.49,779094
2015-12-29 00:00:00+05:30,0.49,0.5,0.47,0.48,331032
2015-12-30 00:00:00+05:30,0.49,0.49,0.47,0.47,590532
2015-12-31 00:00:00+05:30,0.48,0.49,0.46,0.48,783809
2016-01-01 00:00:00+05:30,0.47,0.52,0.47,0.51,648398
2016-01-04 00:00:00+05:30,0.51,0.55,0.48,0.53,1343243
2016-01-05 00:00:00+05:30,0.55,0.57,0.51,0.54,1539642
2016-01-06 00:00:00+05:30,0.54,0.59,0.54,0.56,2174868
2016-01-07 00:00:00+05:30,0.59,0.59,0.56,0.56,959170
2016-01-08 00:00:00+05:30,0.54,0.57,0.54,0.57,1205063
2016-01-11 00:00:00+05:30,0.57,0.6,0.56,0.56,821648
2016-01-12 00:00:00+05:30,0.56,0.57,0.54,0.56,1441366
2016-01-13 00:00:00+05:30,0.56,0.56,0.54,0.54,786098
2016-01-14 00:00:00+05:30,0.52,0.52,0.52,0.52,5975
2016-01-15 00:00:00+05:30,0.5,0.5,0.5,0.5,84070
2016-01-18 00:00:00+05:30,0.48,0.48,0.48,0.48,389319
2016-01-19 00:00:00+05:30,0.46,0.49,0.46,0.46,429618
2016-01-20 00:00:00+05:30,0.44,0.44,0.44,0.44,11085
2016-01-21 00:00:00+05:30,0.43,0.46,0.42,0.42,153252
2016-01-22 00:00:00+05:30,0.42,0.43,0.4,0.41,301647
2016-01-25 00:00:00+05:30,0.43,0.43,0.41,0.42,84171
2016-01-27 00:00:00+05:30,0.44,0.44,0.4,0.42,216566
2016-01-28 00:00:00+05:30,0.41,0.43,0.41,0.42,96404
2016-01-29 00:00:00+05:30,0.43,0.44,0.42,0.42,202142
2016-02-01 00:00:00+05:30,0.44,0.44,0.4,0.41,593608
2016-02-02 00:00:00+05:30,0.4,0.42,0.39,0.41,358314
2016-02-03 00:00:00+05:30,0.41,0.41,0.39,0.4,672946
2016-02-04 00:00:00+05:30,0.39,0.4,0.38,0.39,573285
2016-02-05 00:00:00+05:30,0.38,0.39,0.38,0.38,136086
2016-02-08 00:00:00+05:30,0.37,0.39,0.37,0.39,410828
2016-02-09 00:00:00+05:30,0.4,0.4,0.39,0.4,35635
2016-02-10 00:00:00+05:30,0.41,0.42,0.39,0.4,799219
2016-02-11 00:00:00+05:30,0.39,0.4,0.38,0.38,366212
2016-02-12 00:00:00+05:30,0.38,0.39,0.37,0.39,943799
2016-02-15 00:00:00+05:30,0.4,0.4,0.39,0.4,88260
2016-02-16 00:00:00+05:30,0.4,0.4,0.38,0.38,332662
2016-02-17 00:00:00+05:30,0.37,0.39,0.37,0.37,398253
2016-02-18 00:00:00+05:30,0.37,0.38,0.36,0.37,805347
2016-02-19 00:00:00+05:30,0.38,0.38,0.38,0.38,106441
2016-02-22 00:00:00+05:30,0.39,0.39,0.37,0.38,343154
2016-02-23 00:00:00+05:30,0.38,0.39,0.37,0.38,178415
2016-02-24 00:00:00+05:30,0.37,0.39,0.37,0.39,433643
2016-02-25 00:00:00+05:30,0.39,0.4,0.38,0.38,225895
2016-02-26 00:00:00+05:30,0.38,0.38,0.37,0.37,361051
2016-02-29 00:00:00+05:30,0.37,0.37,0.36,0.36,477076
2016-03-01 00:00:00+05:30,0.35,0.37,0.35,0.37,285119
2016-03-02 00:00:00+05:30,0.36,0.37,0.36,0.36,351424
2016-03-03 00:00:00+05:30,0.35,0.37,0.35,0.35,287248
2016-03-04 00:00:00+05:30,0.34,0.38,0.33,0.36,799236
2016-03-08 00:00:00+05:30,0.36,0.39,0.36,0.39,193542
2016-03-09 00:00:00+05:30,0.38,0.39,0.36,0.37,353470
2016-03-10 00:00:00+05:30,0.37,0.37,0.36,0.37,35954
2016-03-11 00:00:00+05:30,0.37,0.37,0.35,0.35,86870
2016-03-14 00:00:00+05:30,0.34,0.36,0.34,0.34,354060
2016-03-15 00:00:00+05:30,0.34,0.37,0.32,0.37,291880
2016-03-16 00:00:00+05:30,0.37,0.37,0.34,0.34,86753
2016-03-17 00:00:00+05:30,0.37,0.37,0.32,0.34,118394
2016-03-18 00:00:00+05:30,0.33,0.35,0.33,0.35,194888
2016-03-21 00:00:00+05:30,0.34,0.38,0.33,0.33,570557
2016-03-22 00:00:00+05:30,0.34,0.34,0.32,0.34,182495
2016-03-23 00:00:00+05:30,0.33,0.34,0.32,0.34,321083
2016-03-28 00:00:00+05:30,0.32,0.32,0.3,0.31,390420
2016-03-29 00:00:00+05:30,0.29,0.32,0.29,0.31,421595
2016-03-30 00:00:00+05:30,0.31,0.32,0.3,0.31,194484
2016-03-31 00:00:00+05:30,0.34,0.34,0.31,0.34,292533
2016-04-01 00:00:00+05:30,0.34,0.36,0.32,0.32,200691
2016-04-04 00:00:00+05:30,0.33,0.34,0.3,0.33,413758
2016-04-05 00:00:00+05:30,0.31,0.35,0.31,0.33,157876
2016-04-06 00:00:00+05:30,0.36,0.37,0.33,0.36,372272
2016-04-07 00:00:00+05:30,0.36,0.36,0.35,0.35,93630
2016-04-08 00:00:00+05:30,0.36,0.4,0.34,0.39,408909
2016-04-11 00:00:00+05:30,0.38,0.38,0.36,0.38,179909
2016-04-12 00:00:00+05:30,0.38,0.38,0.36,0.37,247747
2016-04-13 00:00:00+05:30,0.37,0.4,0.37,0.39,1159830
2016-04-18 00:00:00+05:30,0.39,0.4,0.37,0.37,268974
2016-04-20 00:00:00+05:30,0.38,0.38,0.36,0.36,82371
2016-04-21 00:00:00+05:30,0.38,0.38,0.35,0.36,275458
2016-04-22 00:00:00+05:30,0.35,0.36,0.35,0.35,61354
2016-04-25 00:00:00+05:30,0.36,0.37,0.34,0.36,300870
2016-04-26 00:00:00+05:30,0.35,0.36,0.34,0.35,103535
2016-04-27 00:00:00+05:30,0.34,0.41,0.34,0.35,170868
2016-04-28 00:00:00+05:30,0.39,0.39,0.35,0.35,324660
2016-04-29 00:00:00+05:30,0.37,0.37,0.36,0.36,467163
2016-05-02 00:00:00+05:30,0.34,0.36,0.34,0.35,219087
2016-05-03 00:00:00+05:30,0.34,0.36,0.33,0.36,130776
2016-05-04 00:00:00+05:30,0.35,0.35,0.34,0.35,147963
2016-05-05 00:00:00+05:30,0.35,0.36,0.35,0.36,37032
2016-05-06 00:00:00+05:30,0.36,0.36,0.34,0.35,37347
2016-05-09 00:00:00+05:30,0.36,0.36,0.33,0.35,461904
2016-05-10 00:00:00+05:30,0.34,0.35,0.34,0.34,89178
2016-05-11 00:00:00+05:30,0.33,0.38,0.33,0.35,322720
2016-05-12 00:00:00+05:30,0.34,0.37,0.34,0.35,81444
2016-05-13 00:00:00+05:30,0.36,0.38,0.34,0.34,84599
2016-05-16 00:00:00+05:30,0.34,0.35,0.34,0.35,124514
2016-05-17 00:00:00+05:30,0.35,0.35,0.33,0.34,196716
2016-05-18 00:00:00+05:30,0.34,0.34,0.32,0.33,309152
2016-05-19 11:00:00+05:30,0.33,0.33,0.33,0.33,25001
2016-05-20 00:00:00+05:30,0.32,0.33,0.32,0.33,156258
2016-05-23 00:00:00+05:30,0.32,0.33,0.32,0.32,148324
2016-05-24 00:00:00+05:30,0.31,0.33,0.3,0.31,264866
2016-05-25 00:00:00+05:30,0.31,0.32,0.3,0.31,42906
2016-05-26 00:00:00+05:30,0.32,0.34,0.31,0.31,134860
2016-05-27 00:00:00+05:30,0.33,0.34,0.31,0.34,267413
2016-05-30 00:00:00+05:30,0.33,0.34,0.31,0.32,370770
2016-05-31 00:00:00+05:30,0.32,0.33,0.3,0.3,335247
2016-06-01 00:00:00+05:30,0.32,0.32,0.29,0.3,379869
2016-06-02 00:00:00+05:30,0.3,0.32,0.29,0.3,405536
2016-06-03 00:00:00+05:30,0.32,0.32,0.3,0.3,111748
2016-06-06 00:00:00+05:30,0.29,0.31,0.29,0.29,445829
2016-06-07 00:00:00+05:30,0.29,0.31,0.28,0.31,895793
2016-06-08 00:00:00+05:30,0.32,0.32,0.29,0.3,544421
2016-06-09 00:00:00+05:30,0.32,0.32,0.3,0.31,133909
2016-06-10 00:00:00+05:30,0.3,0.31,0.29,0.31,175106
2016-06-13 00:00:00+05:30,0.31,0.31,0.3,0.31,117822
2016-06-14 00:00:00+05:30,0.31,0.32,0.3,0.31,349604
2016-06-15 00:00:00+05:30,0.3,0.32,0.3,0.32,281177
2016-06-16 00:00:00+05:30,0.32,0.33,0.31,0.31,231031
2016-06-17 00:00:00+05:30,0.3,0.32,0.3,0.32,234677
2016-06-20 00:00:00+05:30,0.3,0.32,0.3,0.31,373213
2016-06-21 00:00:00+05:30,0.31,0.32,0.3,0.32,498355
2016-06-22 00:00:00+05:30,0.31,0.33,0.31,0.33,521264
2016-06-23 00:00:00+05:30,0.32,0.33,0.31,0.31,59600
2016-06-24 00:00:00+05:30,0.31,0.32,0.3,0.31,112866
2016-06-27 00:00:00+05:30,0.3,0.31,0.3,0.3,117079
2016-06-28 00:00:00+05:30,0.3,0.31,0.3,0.31,332135
2016-06-29 00:00:00+05:30,0.31,0.32,0.31,0.32,141854
2016-06-30 00:00:00+05:30,0.32,0.33,0.32,0.33,156289
2016-07-01 00:00:00+05:30,0.34,0.34,0.31,0.33,489417
2016-07-04 00:00:00+05:30,0.33,0.36,0.32,0.36,969178
2016-07-05 00:00:00+05:30,0.38,0.38,0.34,0.34,194282
2016-07-07 00:00:00+05:30,0.35,0.35,0.33,0.34,260218
2016-07-08 00:00:00+05:30,0.35,0.35,0.33,0.33,68226
2016-07-11 00:00:00+05:30,0.35,0.35,0.33,0.34,78883
2016-07-12 00:00:00+05:30,0.33,0.34,0.31,0.32,1257889
2016-07-13 00:00:00+05:30,0.32,0.32,0.3,0.32,885735
2016-07-14 00:00:00+05:30,0.32,0.35,0.31,0.33,1532992
2016-07-15 00:00:00+05:30,0.34,0.34,0.32,0.33,241396
2016-07-18 00:00:00+05:30,0.32,0.33,0.31,0.33,67237
2016-07-19 00:00:00+05:30,0.32,0.33,0.31,0.33,86810
2016-07-20 00:00:00+05:30,0.32,0.34,0.31,0.34,585159
2016-07-21 00:00:00+05:30,0.33,0.34,0.32,0.34,155118
2016-07-22 00:00:00+05:30,0.33,0.34,0.32,0.32,361568
2016-07-25 00:00:00+05:30,0.32,0.34,0.32,0.34,284003
2016-07-26 00:00:00+05:30,0.34,0.34,0.32,0.33,95157
2016-07-27 00:00:00+05:30,0.32,0.33,0.32,0.32,70403
2016-07-28 00:00:00+05:30,0.32,0.33,0.31,0.32,844694
2016-07-29 00:00:00+05:30,0.31,0.33,0.31,0.32,330101
2016-08-01 00:00:00+05:30,0.31,0.32,0.31,0.31,479976
2016-08-02 00:00:00+05:30,0.32,0.32,0.3,0.31,429677
2016-08-03 00:00:00+05:30,0.3,0.33,0.3,0.32,336923
2016-08-04 00:00:00+05:30,0.32,0.32,0.31,0.32,84734
2016-08-05 00:00:00+05:30,0.32,0.32,0.3,0.31,498649
2016-08-08 00:00:00+05:30,0.31,0.32,0.3,0.31,71180
2016-08-09 00:00:00+05:30,0.31,0.32,0.3,0.32,127799
2016-08-10 00:00:00+05:30,0.32,0.32,0.3,0.3,716390
2016-08-11 00:00:00+05:30,0.29,0.3,0.29,0.3,146746
2016-08-12 00:00:00+05:30,0.3,0.32,0.3,0.31,863233
2016-08-16 00:00:00+05:30,0.3,0.32,0.3,0.31,356182
2016-08-17 00:00:00+05:30,0.31,0.32,0.3,0.31,653331
2016-08-18 00:00:00+05:30,0.3,0.32,0.3,0.31,307206
2016-08-19 00:00:00+05:30,0.3,0.31,0.3,0.31,384094
2016-08-22 00:00:00+05:30,0.3,0.31,0.3,0.31,87066
2016-08-23 00:00:00+05:30,0.31,0.31,0.29,0.3,779859
2016-08-24 00:00:00+05:30,0.31,0.31,0.29,0.31,309536
2016-08-25 00:00:00+05:30,0.31,0.31,0.3,0.3,240965
2016-08-26 00:00:00+05:30,0.3,0.31,0.29,0.31,159915
2016-08-29 00:00:00+05:30,0.31,0.31,0.3,0.31,60051
2016-08-30 00:00:00+05:30,0.3,0.31,0.29,0.3,183718
2016-08-31 00:00:00+05:30,0.3,0.3,0.29,0.3,224822
2016-09-01 00:00:00+05:30,0.29,0.31,0.29,0.31,284872
2016-09-02 00:00:00+05:30,0.31,0.32,0.29,0.31,561936
2016-09-06 00:00:00+05:30,0.31,0.32,0.3,0.31,161803
2016-09-07 00:00:00+05:30,0.3,0.31,0.3,0.3,102586
2016-09-08 00:00:00+05:30,0.31,0.31,0.3,0.31,238757
2016-09-09 00:00:00+05:30,0.29,0.31,0.29,0.31,288867
2016-09-12 00:00:00+05:30,0.31,0.31,0.29,0.3,160534
2016-09-14 00:00:00+05:30,0.31,0.31,0.29,0.31,117176
2016-09-15 00:00:00+05:30,0.31,0.31,0.29,0.3,52309
2016-09-16 00:00:00+05:30,0.31,0.31,0.29,0.31,229623
2016-09-19 00:00:00+05:30,0.31,0.31,0.3,0.3,192612
2016-09-20 00:00:00+05:30,0.31,0.31,0.29,0.3,79603
2016-09-21 00:00:00+05:30,0.31,0.31,0.29,0.31,160412
2016-09-22 00:00:00+05:30,0.31,0.31,0.3,0.31,191562
2016-09-23 00:00:00+05:30,0.31,0.32,0.3,0.3,584282
2016-09-26 00:00:00+05:30,0.3,0.31,0.29,0.3,329678
2016-09-27 00:00:00+05:30,0.29,0.3,0.29,0.29,237749
2016-09-28 00:00:00+05:30,0.3,0.3,0.29,0.29,67055
2016-09-29 00:00:00+05:30,0.3,0.3,0.28,0.29,199185
2016-09-30 00:00:00+05:30,0.3,0.3,0.29,0.29,260063
2016-10-03 00:00:00+05:30,0.29,0.3,0.29,0.3,105022
2016-10-04 00:00:00+05:30,0.29,0.3,0.29,0.3,381635
2016-10-05 00:00:00+05:30,0.31,0.32,0.29,0.31,345348
2016-10-06 00:00:00+05:30,0.32,0.32,0.31,0.32,156300
2016-10-07 00:00:00+05:30,0.31,0.31,0.3,0.31,412200
2016-10-10 00:00:00+05:30,0.3,0.33,0.3,0.32,833244
2016-10-13 00:00:00+05:30,0.33,0.33,0.31,0.32,379689
2016-10-14 00:00:00+05:30,0.31,0.31,0.31,0.31,565572
2016-10-17 00:00:00+05:30,0.31,0.32,0.3,0.31,594222
2016-10-18 00:00:00+05:30,0.31,0.31,0.3,0.31,382451
2016-10-19 00:00:00+05:30,0.31,0.31,0.3,0.31,264553
2016-10-20 00:00:00+05:30,0.3,0.31,0.3,0.31,67072
2016-10-21 00:00:00+05:30,0.3,0.31,0.3,0.31,314782
2016-10-24 00:00:00+05:30,0.3,0.31,0.3,0.31,342620
2016-10-25 00:00:00+05:30,0.31,0.31,0.3,0.31,408377
2016-10-26 00:00:00+05:30,0.3,0.31,0.3,0.31,460403
2016-10-27 00:00:00+05:30,0.31,0.31,0.3,0.3,429206
2016-10-28 00:00:00+05:30,0.3,0.31,0.29,0.31,276323
2016-10-30 00:00:00+05:30,0.31,0.31,0.29,0.31,910188
2016-11-01 00:00:00+05:30,0.32,0.32,0.31,0.32,231390
2016-11-02 00:00:00+05:30,0.32,0.33,0.31,0.31,511062
2016-11-03 00:00:00+05:30,0.31,0.32,0.3,0.31,311171
2016-11-04 00:00:00+05:30,0.31,0.31,0.29,0.31,1026628
2016-11-07 00:00:00+05:30,0.31,0.31,0.3,0.31,318649
2016-11-08 00:00:00+05:30,0.31,0.32,0.31,0.32,169500
2016-11-09 00:00:00+05:30,0.29,0.31,0.29,0.3,1003759
2016-11-10 00:00:00+05:30,0.29,0.31,0.29,0.3,252519
2016-11-11 00:00:00+05:30,0.3,0.31,0.3,0.31,174320
2016-11-15 00:00:00+05:30,0.3,0.31,0.29,0.29,741825
2016-11-16 00:00:00+05:30,0.31,0.31,0.29,0.29,127064
2016-11-17 00:00:00+05:30,0.29,0.29,0.28,0.29,188798
2016-11-18 00:00:00+05:30,0.29,0.29,0.28,0.29,103304
2016-11-21 00:00:00+05:30,0.29,0.3,0.27,0.28,566462
2016-11-22 00:00:00+05:30,0.28,0.28,0.27,0.27,128409
2016-11-23 00:00:00+05:30,0.26,0.27,0.25,0.26,546478
2016-11-24 00:00:00+05:30,0.27,0.27,0.26,0.27,224204
2016-11-25 00:00:00+05:30,0.27,0.29,0.25,0.26,2164970
2016-11-28 00:00:00+05:30,0.27,0.27,0.26,0.26,361399
2016-11-29 00:00:00+05:30,0.27,0.27,0.26,0.27,573109
2016-11-30 00:00:00+05:30,0.27,0.27,0.26,0.27,328228
2016-12-01 00:00:00+05:30,0.27,0.27,0.25,0.27,1279571
2016-12-02 00:00:00+05:30,0.26,0.27,0.26,0.26,156390
2016-12-05 00:00:00+05:30,0.26,0.27,0.26,0.27,384509
2016-12-06 00:00:00+05:30,0.27,0.27,0.26,0.27,343931
2016-12-07 00:00:00+05:30,0.27,0.27,0.26,0.27,348810
2016-12-08 00:00:00+05:30,0.27,0.27,0.26,0.26,460572
2016-12-09 00:00:00+05:30,0.26,0.3,0.26,0.29,909474
2016-12-12 00:00:00+05:30,0.29,0.29,0.27,0.27,373786
2016-12-13 00:00:00+05:30,0.28,0.28,0.26,0.26,598784
2016-12-14 00:00:00+05:30,0.27,0.28,0.26,0.28,218519
2016-12-15 00:00:00+05:30,0.28,0.28,0.26,0.27,176495
2016-12-16 00:00:00+05:30,0.27,0.29,0.27,0.27,2145722
2016-12-19 00:00:00+05:30,0.29,0.3,0.28,0.29,319846
2016-12-20 00:00:00+05:30,0.28,0.3,0.28,0.29,113414
2016-12-21 00:00:00+05:30,0.29,0.36,0.29,0.34,2056100
2016-12-22 00:00:00+05:30,0.33,0.39,0.32,0.38,1820076
2016-12-23 00:00:00+05:30,0.38,0.38,0.36,0.37,1223506
2016-12-26 00:00:00+05:30,0.37,0.37,0.34,0.34,428325
2016-12-27 00:00:00+05:30,0.33,0.33,0.33,0.33,232188
2016-12-28 00:00:00+05:30,0.32,0.32,0.32,0.32,76565
2016-12-29 00:00:00+05:30,0.31,0.32,0.31,0.31,26905
2016-12-30 00:00:00+05:30,0.3,0.31,0.3,0.31,267404
2017-01-02 00:00:00+05:30,0.3,0.31,0.3,0.3,183528
2017-01-03 00:00:00+05:30,0.3,0.31,0.3,0.3,159853
2017-01-04 00:00:00+05:30,0.3,0.31,0.29,0.3,194104
2017-01-05 00:00:00+05:30,0.29,0.31,0.29,0.3,663410
2017-01-06 00:00:00+05:30,0.3,0.3,0.29,0.3,310482
2017-01-09 00:00:00+05:30,0.31,0.31,0.3,0.3,103220
2017-01-10 00:00:00+05:30,0.3,0.31,0.29,0.29,306749
2017-01-11 00:00:00+05:30,0.31,0.31,0.29,0.3,169509
2017-01-12 00:00:00+05:30,0.31,0.31,0.29,0.3,455065
2017-01-13 00:00:00+05:30,0.31,0.31,0.3,0.31,312959
2017-01-16 00:00:00+05:30,0.3,0.32,0.3,0.32,214094
2017-01-17 00:00:00+05:30,0.31,0.32,0.31,0.31,250865
2017-01-18 00:00:00+05:30,0.32,0.32,0.3,0.31,262423
2017-01-19 00:00:00+05:30,0.31,0.31,0.3,0.31,101822
2017-01-20 00:00:00+05:30,0.3,0.31,0.3,0.31,489447
2017-01-23 00:00:00+05:30,0.31,0.31,0.29,0.31,316135
2017-01-24 00:00:00+05:30,0.31,0.31,0.3,0.3,34102
2017-01-25 00:00:00+05:30,0.3,0.3,0.29,0.29,842856
2017-01-27 00:00:00+05:30,0.29,0.3,0.28,0.3,600433
2017-01-30 00:00:00+05:30,0.3,0.31,0.29,0.3,533226
2017-01-31 00:00:00+05:30,0.31,0.31,0.29,0.31,222051
2017-02-01 00:00:00+05:30,0.31,0.31,0.3,0.3,629592
2017-02-02 00:00:00+05:30,0.31,0.31,0.29,0.3,116152
2017-02-03 00:00:00+05:30,0.3,0.3,0.29,0.3,139450
2017-02-06 00:00:00+05:30,0.29,0.3,0.29,0.29,348032
2017-02-07 00:00:00+05:30,0.29,0.31,0.29,0.3,140513
2017-02-08 00:00:00+05:30,0.31,0.33,0.3,0.32,966038
2017-02-09 00:00:00+05:30,0.32,0.33,0.31,0.32,362888
2017-02-10 00:00:00+05:30,0.32,0.32,0.31,0.31,354669
2017-02-13 00:00:00+05:30,0.3,0.31,0.3,0.31,228367
2017-02-14 00:00:00+05:30,0.3,0.31,0.3,0.3,267002
2017-02-15 00:00:00+05:30,0.3,0.31,0.29,0.31,188903
2017-02-16 00:00:00+05:30,0.29,0.31,0.29,0.29,88325
2017-02-17 00:00:00+05:30,0.3,0.3,0.29,0.29,87027
2017-02-20 00:00:00+05:30,0.3,0.3,0.29,0.29,487944
2017-02-21 00:00:00+05:30,0.29,0.3,0.29,0.3,148939
2017-02-22 00:00:00+05:30,0.3,0.3,0.29,0.29,505213
2017-02-23 00:00:00+05:30,0.29,0.3,0.29,0.3,139803
2017-02-27 00:00:00+05:30,0.3,0.3,0.29,0.3,95820
2017-02-28 00:00:00+05:30,0.3,0.3,0.29,0.29,79632
2017-03-01 00:00:00+05:30,0.28,0.29,0.28,0.28,157991
2017-03-02 00:00:00+05:30,0.29,0.29,0.27,0.28,881391
2017-03-03 00:00:00+05:30,0.28,0.29,0.28,0.29,465498
2017-03-06 00:00:00+05:30,0.3,0.3,0.29,0.3,210361
2017-03-07 00:00:00+05:30,0.29,0.3,0.29,0.29,128249
2017-03-08 00:00:00+05:30,0.29,0.29,0.28,0.29,200466
2017-03-09 00:00:00+05:30,0.28,0.3,0.28,0.3,169915
2017-03-10 00:00:00+05:30,0.3,0.3,0.29,0.29,83883
2017-03-14 00:00:00+05:30,0.29,0.29,0.28,0.28,204574
2017-03-15 00:00:00+05:30,0.29,0.29,0.28,0.28,139737
2017-03-16 00:00:00+05:30,0.28,0.29,0.27,0.28,593245
2017-03-17 00:00:00+05:30,0.26,0.28,0.26,0.27,442966
2017-03-20 00:00:00+05:30,0.26,0.27,0.26,0.27,337391
2017-03-21 00:00:00+05:30,0.26,0.27,0.26,0.27,236105
2017-03-22 00:00:00+05:30,0.26,0.27,0.25,0.27,280677
2017-03-23 00:00:00+05:30,0.26,0.26,0.25,0.26,462664
2017-03-24 00:00:00+05:30,0.26,0.27,0.25,0.26,331045
2017-03-27 00:00:00+05:30,0.27,0.27,0.25,0.27,251321
2017-03-28 00:00:00+05:30,0.25,0.27,0.25,0.25,212523
2017-03-29 00:00:00+05:30,0.25,0.27,0.25,0.27,656079
2017-03-30 00:00:00+05:30,0.27,0.27,0.26,0.26,413640
2017-03-31 00:00:00+05:30,0.27,0.27,0.26,0.27,113152
2017-04-03 00:00:00+05:30,0.26,0.27,0.26,0.27,171088
2017-04-05 00:00:00+05:30,0.26,0.27,0.26,0.27,617686
2017-04-06 00:00:00+05:30,0.27,0.27,0.26,0.27,152800
2017-04-07 00:00:00+05:30,0.27,0.27,0.26,0.26,442550
2017-04-10 00:00:00+05:30,0.26,0.27,0.26,0.26,76953
2017-04-11 00:00:00+05:30,0.26,0.27,0.26,0.26,433013
2017-04-12 00:00:00+05:30,0.27,0.27,0.26,0.26,186162
2017-04-13 00:00:00+05:30,0.27,0.27,0.25,0.26,314995
2017-04-17 00:00:00+05:30,0.26,0.26,0.25,0.26,597325
2017-04-18 00:00:00+05:30,0.25,0.27,0.25,0.27,197031
2017-04-19 00:00:00+05:30,0.26,0.27,0.26,0.27,249751
2017-04-20 00:00:00+05:30,0.26,0.27,0.26,0.27,521060
2017-04-21 00:00:00+05:30,0.27,0.28,0.26,0.28,269542
2017-04-24 00:00:00+05:30,0.28,0.28,0.27,0.27,78394
2017-04-25 00:00:00+05:30,0.26,0.27,0.26,0.27,325673
2017-04-26 00:00:00+05:30,0.27,0.27,0.25,0.25,1061687
2017-04-27 00:00:00+05:30,0.25,0.26,0.25,0.26,415887
2017-04-28 00:00:00+05:30,0.25,0.26,0.25,0.26,53801
2017-05-02 00:00:00+05:30,0.25,0.27,0.25,0.27,898347
2017-05-03 00:00:00+05:30,0.26,0.27,0.26,0.26,168431
2017-05-04 00:00:00+05:30,0.27,0.27,0.26,0.26,61556
2017-05-05 00:00:00+05:30,0.27,0.27,0.26,0.27,257142
2017-05-08 00:00:00+05:30,0.27,0.27,0.26,0.26,578694
2017-05-09 00:00:00+05:30,0.26,0.26,0.25,0.25,629009
2017-05-10 00:00:00+05:30,0.25,0.26,0.25,0.25,477471
2017-05-11 00:00:00+05:30,0.25,0.26,0.25,0.25,465361
2017-05-12 00:00:00+05:30,0.26,0.26,0.25,0.26,96643
2017-05-15 00:00:00+05:30,0.26,0.26,0.25,0.25,156572
2017-05-16 00:00:00+05:30,0.26,0.26,0.25,0.25,176825
2017-05-17 00:00:00+05:30,0.26,0.26,0.25,0.26,82860
2017-05-18 00:00:00+05:30,0.25,0.26,0.24,0.24,493380
2017-05-19 00:00:00+05:30,0.24,0.25,0.23,0.23,339930
2017-05-22 00:00:00+05:30,0.24,0.24,0.23,0.24,62747
2017-05-23 00:00:00+05:30,0.23,0.24,0.23,0.23,553754
2017-05-24 00:00:00+05:30,0.22,0.23,0.22,0.22,518960
2017-05-25 00:00:00+05:30,0.23,0.23,0.21,0.23,450146
2017-05-26 00:00:00+05:30,0.23,0.24,0.22,0.23,211200
2017-05-29 00:00:00+05:30,0.22,0.23,0.22,0.22,387410
2017-05-30 00:00:00+05:30,0.23,0.23,0.22,0.23,451132
2017-05-31 00:00:00+05:30,0.24,0.24,0.22,0.23,305232
2017-06-01 00:00:00+05:30,0.23,0.24,0.23,0.23,295660
2017-06-02 00:00:00+05:30,0.23,0.24,0.23,0.24,99692
2017-06-05 00:00:00+05:30,0.23,0.24,0.23,0.23,283592
2017-06-06 00:00:00+05:30,0.24,0.24,0.23,0.23,244221
2017-06-07 00:00:00+05:30,0.23,0.23,0.22,0.23,337309
2017-06-08 00:00:00+05:30,0.23,0.23,0.22,0.23,58820
2017-06-09 00:00:00+05:30,0.22,0.23,0.22,0.23,168325
2017-06-12 00:00:00+05:30,0.22,0.23,0.22,0.22,245506
2017-06-13 00:00:00+05:30,0.22,0.22,0.21,0.22,198312
2017-06-14 00:00:00+05:30,0.21,0.22,0.21,0.21,235103
2017-06-15 00:00:00+05:30,0.21,0.22,0.21,0.22,255524
2017-06-16 00:00:00+05:30,0.22,0.23,0.22,0.22,247300
2017-06-19 00:00:00+05:30,0.21,0.23,0.21,0.23,528590
2017-06-20 00:00:00+05:30,0.22,0.23,0.22,0.22,147580
2017-06-21 00:00:00+05:30,0.22,0.23,0.22,0.22,32235
2017-06-22 00:00:00+05:30,0.23,0.23,0.22,0.22,81092
2017-06-23 00:00:00+05:30,0.22,0.23,0.22,0.23,19422
2017-06-27 00:00:00+05:30,0.23,0.23,0.22,0.22,49889
2017-06-28 00:00:00+05:30,0.22,0.23,0.21,0.22,108452
2017-06-29 00:00:00+05:30,0.22,0.22,0.21,0.22,128227
2017-06-30 00:00:00+05:30,0.21,0.23,0.21,0.22,338834
2017-07-03 00:00:00+05:30,0.21,0.23,0.21,0.22,628346
2017-07-04 00:00:00+05:30,0.22,0.22,0.21,0.22,156147
2017-07-05 00:00:00+05:30,0.21,0.22,0.21,0.22,128720
2017-07-06 00:00:00+05:30,0.21,0.23,0.21,0.23,1450588
2017-07-07 00:00:00+05:30,0.23,0.24,0.23,0.24,899357
2017-07-10 00:00:00+05:30,0.25,0.25,0.23,0.24,506167
2017-07-11 00:00:00+05:30,0.23,0.24,0.23,0.24,58474
2017-07-12 00:00:00+05:30,0.24,0.24,0.23,0.23,471312
2017-07-13 00:00:00+05:30,0.23,0.23,0.22,0.23,143212
2017-07-14 00:00:00+05:30,0.23,0.23,0.22,0.22,175383
2017-07-17 00:00:00+05:30,0.22,0.23,0.22,0.22,113075
2017-07-18 00:00:00+05:30,0.23,0.23,0.22,0.22,389644
2017-07-19 00:00:00+05:30,0.22,0.23,0.21,0.23,696444
2017-07-20 12:00:00+05:30,0.24,0.24,0.22,0.23,103094
2017-07-21 00:00:00+05:30,0.23,0.24,0.23,0.24,172337
2017-07-24 00:00:00+05:30,0.23,0.24,0.23,0.24,83100
2017-07-25 00:00:00+05:30,0.23,0.24,0.23,0.24,331732
2017-07-26 00:00:00+05:30,0.24,0.24,0.23,0.24,201266
2017-07-27 00:00:00+05:30,0.24,0.24,0.22,0.23,277019
2017-07-28 00:00:00+05:30,0.23,0.24,0.22,0.22,231492
2017-07-31 00:00:00+05:30,0.22,0.23,0.21,0.22,350206
2017-08-01 00:00:00+05:30,0.22,0.23,0.22,0.23,123650
2017-08-02 00:00:00+05:30,0.23,0.23,0.22,0.22,162100
2017-08-03 00:00:00+05:30,0.23,0.23,0.21,0.22,513855
2017-08-04 00:00:00+05:30,0.22,0.23,0.22,0.23,195939
2017-08-07 00:00:00+05:30,0.23,0.23,0.22,0.23,210630
2017-09-04 00:00:00+05:30,0.22,0.22,0.22,0.22,6000
2017-12-04 00:00:00+05:30,0.21,0.21,0.21,0.21,25000
2018-01-01 00:00:00+05:30,0.2,0.2,0.2,0.2,57000
2018-02-01 00:00:00+05:30,0.21,0.21,0.21,0.21,1422620
2018-02-02 00:00:00+05:30,0.22,0.22,0.22,0.22,523613
2018-02-05 00:00:00+05:30,0.23,0.23,0.23,0.23,545232
2018-02-06 10:00:00+05:30,0.24,0.24,0.24,0.24,29583
2018-02-07 00:00:00+05:30,0.25,0.25,0.25,0.25,25516
2018-02-08 00:00:00+05:30,0.26,0.26,0.26,0.26,105500
2018-02-09 00:00:00+05:30,0.27,0.27,0.27,0.27,27200
2018-02-12 00:00:00+05:30,0.28,0.28,0.28,0.28,6400
2018-02-14 00:00:00+05:30,0.29,0.29,0.29,0.29,10501
2018-02-15 00:00:00+05:30,0.3,0.3,0.3,0.3,8407
2018-02-16 00:00:00+05:30,0.31,0.31,0.31,0.31,6151
2018-02-19 00:00:00+05:30,0.32,0.32,0.32,0.32,31197
2018-02-20 00:00:00+05:30,0.33,0.33,0.33,0.33,169737
2018-02-21 00:00:00+05:30,0.34,0.34,0.33,0.34,1898653
2018-02-22 00:00:00+05:30,0.35,0.35,0.34,0.35,656256
2018-02-23 00:00:00+05:30,0.36,0.36,0.36,0.36,24551
2018-02-26 00:00:00+05:30,0.37,0.37,0.37,0.37,26558
2018-02-27 00:00:00+05:30,0.38,0.38,0.38,0.38,47653
2018-02-28 00:00:00+05:30,0.39,0.39,0.39,0.39,171237
2018-03-01 00:00:00+05:30,0.4,0.4,0.4,0.4,108850
2018-03-05 00:00:00+05:30,0.42,0.42,0.42,0.42,78950
2018-03-06 00:00:00+05:30,0.44,0.44,0.44,0.44,27270
2018-03-07 00:00:00+05:30,0.46,0.46,0.45,0.46,1184645
2018-03-08 00:00:00+05:30,0.48,0.48,0.46,0.48,638287
2018-03-09 00:00:00+05:30,0.48,0.5,0.46,0.5,808586
2018-03-12 00:00:00+05:30,0.5,0.5,0.46,0.46,637488
2018-03-13 00:00:00+05:30,0.46,0.46,0.44,0.44,192547
2018-03-14 00:00:00+05:30,0.42,0.42,0.42,0.42,61589
2018-03-15 00:00:00+05:30,0.4,0.4,0.4,0.4,44005
2018-03-16 00:00:00+05:30,0.38,0.38,0.38,0.38,140584
2018-03-19 00:00:00+05:30,0.37,0.37,0.37,0.37,193228
2018-03-20 00:00:00+05:30,0.38,0.38,0.36,0.36,141489
2018-03-21 00:00:00+05:30,0.35,0.37,0.35,0.37,154091
2018-03-22 00:00:00+05:30,0.34,0.36,0.34,0.36,167356
2018-03-23 00:00:00+05:30,0.33,0.35,0.33,0.35,526524
2018-03-26 00:00:00+05:30,0.35,0.35,0.35,0.35,64975
2018-03-27 00:00:00+05:30,0.36,0.36,0.35,0.35,149762
2018-03-28 00:00:00+05:30,0.35,0.36,0.34,0.36,429214
2018-04-02 00:00:00+05:30,0.37,0.37,0.36,0.37,202445
2018-04-03 00:00:00+05:30,0.38,0.38,0.36,0.36,83931
2018-04-04 00:00:00+05:30,0.36,0.37,0.35,0.37,157219
2018-04-05 00:00:00+05:30,0.37,0.37,0.36,0.36,225563
2018-04-06 00:00:00+05:30,0.36,0.37,0.35,0.37,559036
2018-04-09 00:00:00+05:30,0.38,0.38,0.36,0.37,252801
2018-04-10 00:00:00+05:30,0.38,0.38,0.36,0.36,260141
2018-04-11 00:00:00+05:30,0.35,0.36,0.35,0.35,124888
2018-04-12 00:00:00+05:30,0.35,0.37,0.35,0.36,822486
2018-04-13 00:00:00+05:30,0.36,0.36,0.35,0.36,187764
2018-04-16 00:00:00+05:30,0.36,0.36,0.35,0.35,82685
2018-04-17 00:00:00+05:30,0.36,0.36,0.34,0.36,115388
2018-04-18 00:00:00+05:30,0.33,0.33,0.33,0.33,135080
2018-04-19 00:00:00+05:30,0.34,0.34,0.32,0.32,115588
2018-04-20 00:00:00+05:30,0.33,0.33,0.31,0.32,250949
2018-04-23 00:00:00+05:30,0.32,0.33,0.31,0.31,531217
2018-04-24 00:00:00+05:30,0.3,0.32,0.3,0.31,323689
2018-04-25 00:00:00+05:30,0.32,0.32,0.3,0.32,106630
2018-04-26 00:00:00+05:30,0.31,0.31,0.31,0.31,74141
2018-04-27 00:00:00+05:30,0.31,0.32,0.3,0.32,376169
2018-04-30 00:00:00+05:30,0.33,0.33,0.31,0.31,81010
2018-05-02 00:00:00+05:30,0.32,0.32,0.3,0.3,123363
2018-05-03 00:00:00+05:30,0.3,0.31,0.29,0.3,69408
2018-05-04 00:00:00+05:30,0.31,0.31,0.29,0.3,42582
2018-05-07 00:00:00+05:30,0.3,0.3,0.29,0.29,65130
2018-05-08 00:00:00+05:30,0.29,0.29,0.28,0.28,82400
2018-05-09 00:00:00+05:30,0.27,0.27,0.27,0.27,9293
2018-05-10 00:00:00+05:30,0.26,0.28,0.26,0.26,137204
2018-05-11 00:00:00+05:30,0.26,0.27,0.25,0.25,295464
2018-05-14 00:00:00+05:30,0.26,0.26,0.24,0.26,116055
2018-05-15 00:00:00+05:30,0.27,0.27,0.25,0.27,58873
2018-05-16 00:00:00+05:30,0.27,0.27,0.26,0.26,75415
2018-05-17 00:00:00+05:30,0.26,0.26,0.25,0.26,52400
2018-05-18 00:00:00+05:30,0.27,0.27,0.25,0.26,136574
2018-05-21 00:00:00+05:30,0.25,0.26,0.25,0.25,17501
2018-05-22 00:00:00+05:30,0.26,0.26,0.24,0.26,153094
2018-05-23 00:00:00+05:30,0.27,0.27,0.25,0.27,84607
2018-05-24 00:00:00+05:30,0.27,0.28,0.27,0.28,179813
2018-05-25 00:00:00+05:30,0.28,0.29,0.27,0.29,115989
2018-05-28 00:00:00+05:30,0.29,0.29,0.28,0.29,79697
2018-05-29 00:00:00+05:30,0.3,0.3,0.28,0.3,52101
2018-05-30 00:00:00+05:30,0.29,0.31,0.29,0.3,85213
2018-05-31 00:00:00+05:30,0.3,0.3,0.29,0.29,126001
2018-06-01 00:00:00+05:30,0.3,0.3,0.28,0.29,29239
2018-06-04 00:00:00+05:30,0.28,0.29,0.28,0.28,22600
2018-06-05 00:00:00+05:30,0.27,0.27,0.27,0.27,217577
2018-06-06 00:00:00+05:30,0.26,0.26,0.26,0.26,40850
2018-06-07 00:00:00+05:30,0.25,0.26,0.25,0.25,100661
2018-06-08 00:00:00+05:30,0.24,0.26,0.24,0.24,126654
2018-06-11 00:00:00+05:30,0.24,0.25,0.24,0.24,64185
2018-06-12 00:00:00+05:30,0.25,0.25,0.25,0.25,1000
2018-06-13 00:00:00+05:30,0.25,0.25,0.24,0.25,250865
2018-06-14 00:00:00+05:30,0.24,0.26,0.24,0.26,358270
2018-06-15 00:00:00+05:30,0.27,0.27,0.25,0.27,89903
2018-06-18 00:00:00+05:30,0.26,0.27,0.26,0.26,83336
2018-06-19 00:00:00+05:30,0.26,0.26,0.25,0.25,32654
2018-06-20 00:00:00+05:30,0.26,0.26,0.24,0.26,140197
2018-06-21 00:00:00+05:30,0.25,0.27,0.25,0.25,121974
2018-06-22 00:00:00+05:30,0.25,0.25,0.24,0.25,108117
2018-06-25 00:00:00+05:30,0.24,0.24,0.24,0.24,33110
2018-06-26 00:00:00+05:30,0.23,0.25,0.23,0.25,97612
2018-06-27 00:00:00+05:30,0.24,0.24,0.24,0.24,36600
2018-06-28 00:00:00+05:30,0.23,0.23,0.23,0.23,6148
2018-06-29 00:00:00+05:30,0.22,0.24,0.22,0.24,71656
2018-07-02 00:00:00+05:30,0.23,0.24,0.23,0.23,58683
2018-07-03 00:00:00+05:30,0.22,0.24,0.22,0.22,34009
2018-07-04 00:00:00+05:30,0.21,0.23,0.21,0.22,29080
2018-07-05 00:00:00+05:30,0.22,0.23,0.22,0.22,18768
2018-07-06 00:00:00+05:30,0.22,0.23,0.21,0.22,51316
2018-07-09 00:00:00+05:30,0.23,0.23,0.23,0.23,105500
2018-07-10 00:00:00+05:30,0.23,0.24,0.23,0.24,36830
2018-07-11 00:00:00+05:30,0.24,0.24,0.23,0.23,124007
2018-07-12 00:00:00+05:30,0.22,0.24,0.22,0.24,71503
2018-07-13 00:00:00+05:30,0.23,0.25,0.23,0.23,295312
2018-07-16 00:00:00+05:30,0.22,0.23,0.22,0.23,35780
2018-07-17 00:00:00+05:30,0.23,0.24,0.22,0.24,110501
2018-07-18 00:00:00+05:30,0.23,0.24,0.22,0.23,122749
2018-07-19 00:00:00+05:30,0.22,0.22,0.22,0.22,5545
2018-07-20 00:00:00+05:30,0.21,0.21,0.21,0.21,33764
2018-07-23 00:00:00+05:30,0.2,0.22,0.2,0.22,124380
2018-07-24 00:00:00+05:30,0.22,0.22,0.21,0.21,213377
2018-07-25 00:00:00+05:30,0.2,0.22,0.2,0.22,56109
2018-07-26 00:00:00+05:30,0.21,0.21,0.19,0.21,145143
2018-07-27 00:00:00+05:30,0.21,0.22,0.21,0.22,163741
2018-07-30 00:00:00+05:30,0.22,0.23,0.21,0.23,748836
2018-07-31 00:00:00+05:30,0.24,0.24,0.22,0.23,295465
2018-08-01 00:00:00+05:30,0.23,0.24,0.22,0.23,92207
2018-08-02 00:00:00+05:30,0.22,0.24,0.22,0.22,97885
2018-08-03 00:00:00+05:30,0.21,0.23,0.21,0.23,503822
2018-08-06 00:00:00+05:30,0.23,0.23,0.22,0.23,277514
2018-08-07 00:00:00+05:30,0.22,0.23,0.22,0.22,63741
2018-08-08 00:00:00+05:30,0.22,0.23,0.22,0.23,98159
2018-08-09 00:00:00+05:30,0.22,0.23,0.22,0.23,118300
2018-08-10 00:00:00+05:30,0.22,0.24,0.22,0.24,229396
2018-08-13 00:00:00+05:30,0.22,0.24,0.22,0.24,135372
2018-08-14 00:00:00+05:30,0.23,0.25,0.23,0.23,281923
2018-08-16 00:00:00+05:30,0.23,0.23,0.22,0.22,53152
2018-08-17 00:00:00+05:30,0.23,0.23,0.22,0.23,42490
2018-08-20 00:00:00+05:30,0.23,0.24,0.22,0.23,107528
2018-08-21 00:00:00+05:30,0.22,0.24,0.22,0.22,143901
2018-08-23 00:00:00+05:30,0.22,0.23,0.22,0.23,71749
2018-08-24 00:00:00+05:30,0.23,0.24,0.23,0.24,354486
2018-08-27 00:00:00+05:30,0.24,0.25,0.23,0.24,357354
2018-08-28 00:00:00+05:30,0.23,0.25,0.23,0.24,221627
2018-08-29 00:00:00+05:30,0.25,0.25,0.23,0.25,164882
2018-08-30 00:00:00+05:30,0.25,0.25,0.24,0.24,189729
2018-08-31 00:00:00+05:30,0.23,0.25,0.23,0.23,92689
2018-09-03 00:00:00+05:30,0.23,0.24,0.23,0.24,285706
2018-09-04 00:00:00+05:30,0.24,0.24,0.23,0.23,143609
2018-09-05 00:00:00+05:30,0.24,0.24,0.22,0.22,295921
2018-09-06 00:00:00+05:30,0.23,0.23,0.22,0.23,130611
2018-09-07 00:00:00+05:30,0.24,0.24,0.23,0.24,227369
2018-09-10 00:00:00+05:30,0.25,0.25,0.23,0.24,467762
2018-09-11 00:00:00+05:30,0.26,0.26,0.24,0.26,344694
2018-09-12 00:00:00+05:30,0.25,0.25,0.23,0.25,444743
2018-09-14 00:00:00+05:30,0.23,0.24,0.23,0.24,313040
2018-09-17 00:00:00+05:30,0.25,0.25,0.23,0.24,208606
2018-09-18 00:00:00+05:30,0.24,0.25,0.24,0.24,772364
2018-09-19 00:00:00+05:30,0.23,0.25,0.23,0.24,185696
2018-09-21 00:00:00+05:30,0.25,0.25,0.23,0.24,966704
2018-09-24 00:00:00+05:30,0.23,0.24,0.23,0.23,105672
2018-09-25 00:00:00+05:30,0.22,0.24,0.22,0.23,579332
2018-09-26 00:00:00+05:30,0.23,0.23,0.22,0.23,291201
2018-09-27 00:00:00+05:30,0.24,0.24,0.22,0.22,112587
2018-09-28 00:00:00+05:30,0.22,0.23,0.21,0.23,207479
2018-10-01 00:00:00+05:30,0.23,0.23,0.21,0.23,427528
2018-10-03 00:00:00+05:30,0.23,0.24,0.22,0.23,185337
2018-10-04 00:00:00+05:30,0.24,0.24,0.22,0.23,74419
2018-10-05 00:00:00+05:30,0.22,0.23,0.22,0.23,648782
2018-10-08 00:00:00+05:30,0.23,0.23,0.21,0.22,553182
2018-10-09 00:00:00+05:30,0.22,0.22,0.2,0.22,237340
2018-10-10 00:00:00+05:30,0.21,0.24,0.2,0.24,802273
2018-10-11 00:00:00+05:30,0.23,0.24,0.22,0.23,583482
2018-10-12 00:00:00+05:30,0.22,0.24,0.22,0.24,677588
2018-10-15 00:00:00+05:30,0.23,0.24,0.22,0.23,70877
2018-10-16 00:00:00+05:30,0.24,0.24,0.23,0.24,468626
2018-10-17 00:00:00+05:30,0.23,0.25,0.23,0.24,390957
2018-10-19 00:00:00+05:30,0.24,0.24,0.23,0.24,125347
2018-10-22 00:00:00+05:30,0.25,0.25,0.23,0.23,137788
2018-10-23 00:00:00+05:30,0.24,0.24,0.22,0.22,179106
2018-10-24 00:00:00+05:30,0.24,0.24,0.23,0.23,190024
2018-10-25 00:00:00+05:30,0.24,0.24,0.23,0.24,100065
2018-10-26 00:00:00+05:30,0.23,0.24,0.23,0.23,104239
2018-10-29 00:00:00+05:30,0.24,0.24,0.22,0.23,500105
2018-10-30 00:00:00+05:30,0.24,0.24,0.22,0.24,551662
2018-10-31 00:00:00+05:30,0.24,0.24,0.23,0.24,36532
2018-11-01 00:00:00+05:30,0.24,0.24,0.23,0.24,300110
2018-11-02 00:00:00+05:30,0.23,0.24,0.23,0.24,191714
2018-11-05 00:00:00+05:30,0.24,0.24,0.23,0.24,221349
2018-11-06 00:00:00+05:30,0.23,0.24,0.23,0.24,167292
2018-11-07 00:00:00+05:30,0.24,0.24,0.23,0.24,68007
2018-11-09 00:00:00+05:30,0.24,0.24,0.23,0.24,54978
2018-11-12 00:00:00+05:30,0.24,0.24,0.23,0.24,651588
2018-11-13 00:00:00+05:30,0.24,0.24,0.23,0.24,99254
2018-11-14 00:00:00+05:30,0.24,0.24,0.23,0.24,139758
2018-11-15 00:00:00+05:30,0.24,0.24,0.23,0.24,53726
2018-11-16 00:00:00+05:30,0.23,0.24,0.23,0.23,23700
2018-11-19 00:00:00+05:30,0.23,0.24,0.22,0.24,81439
2018-11-20 00:00:00+05:30,0.24,0.24,0.23,0.23,411651
2018-11-21 00:00:00+05:30,0.23,0.24,0.22,0.23,1065725
2018-11-22 00:00:00+05:30,0.23,0.23,0.22,0.23,11266
2018-11-26 00:00:00+05:30,0.22,0.23,0.22,0.22,147575
2018-11-27 00:00:00+05:30,0.22,0.23,0.22,0.23,279892
2018-11-28 00:00:00+05:30,0.22,0.23,0.22,0.23,47083
2018-11-29 00:00:00+05:30,0.22,0.24,0.22,0.22,501311
2018-11-30 00:00:00+05:30,0.22,0.23,0.22,0.23,362519
2018-12-03 00:00:00+05:30,0.24,0.24,0.22,0.24,260833
2018-12-04 00:00:00+05:30,0.24,0.24,0.23,0.23,452131
2018-12-05 00:00:00+05:30,0.23,0.24,0.22,0.22,113721
2018-12-06 00:00:00+05:30,0.23,0.23,0.21,0.22,958289
2018-12-07 00:00:00+05:30,0.22,0.23,0.21,0.22,1363066
2018-12-10 00:00:00+05:30,0.22,0.23,0.21,0.23,597839
2018-12-11 00:00:00+05:30,0.23,0.23,0.22,0.22,162913
2018-12-12 00:00:00+05:30,0.22,0.23,0.21,0.23,675089
2018-12-13 00:00:00+05:30,0.23,0.23,0.22,0.22,246054
2018-12-14 00:00:00+05:30,0.23,0.23,0.21,0.23,126140
2018-12-17 00:00:00+05:30,0.23,0.23,0.22,0.22,201843
2018-12-18 00:00:00+05:30,0.22,0.23,0.21,0.21,370242
2018-12-19 00:00:00+05:30,0.22,0.22,0.22,0.22,64688
2018-12-20 00:00:00+05:30,0.23,0.23,0.21,0.22,162801
2018-12-21 00:00:00+05:30,0.23,0.23,0.22,0.23,454822
2018-12-24 00:00:00+05:30,0.23,0.23,0.22,0.22,277178
2018-12-26 00:00:00+05:30,0.23,0.23,0.22,0.23,94527
2018-12-27 00:00:00+05:30,0.23,0.23,0.22,0.23,104729
2018-12-28 00:00:00+05:30,0.23,0.23,0.22,0.23,128586
2018-12-31 00:00:00+05:30,0.23,0.23,0.22,0.22,83940
2019-01-01 00:00:00+05:30,0.22,0.23,0.22,0.23,54470
2019-01-02 00:00:00+05:30,0.23,0.23,0.22,0.23,17425
2019-01-03 00:00:00+05:30,0.22,0.23,0.22,0.22,93164
2019-01-04 00:00:00+05:30,0.23,0.23,0.21,0.22,61772
2019-01-07 00:00:00+05:30,0.21,0.23,0.21,0.22,72602
2019-01-08 00:00:00+05:30,0.22,0.23,0.21,0.23,167408
2019-01-09 00:00:00+05:30,0.23,0.24,0.22,0.23,544158
2019-01-10 00:00:00+05:30,0.23,0.24,0.22,0.24,159415
2019-01-11 00:00:00+05:30,0.24,0.24,0.23,0.24,44135
2019-01-14 00:00:00+05:30,0.24,0.24,0.23,0.23,212413
2019-01-15 00:00:00+05:30,0.24,0.24,0.22,0.24,203554
2019-01-16 00:00:00+05:30,0.24,0.24,0.23,0.23,209839
2019-01-17 00:00:00+05:30,0.22,0.23,0.22,0.23,71579
2019-01-18 00:00:00+05:30,0.22,0.23,0.22,0.22,101138
2019-01-21 00:00:00+05:30,0.21,0.23,0.21,0.22,74208
2019-01-22 00:00:00+05:30,0.23,0.23,0.21,0.22,43186
2019-01-23 00:00:00+05:30,0.23,0.23,0.21,0.22,48594
2019-01-24 00:00:00+05:30,0.23,0.23,0.21,0.22,158697
2019-01-25 00:00:00+05:30,0.23,0.23,0.21,0.22,92574
2019-01-28 00:00:00+05:30,0.22,0.22,0.21,0.22,61558
2019-01-29 00:00:00+05:30,0.22,0.22,0.21,0.21,72994
2019-01-30 00:00:00+05:30,0.21,0.22,0.2,0.22,209903
2019-01-31 00:00:00+05:30,0.22,0.22,0.21,0.21,181538
2019-02-01 00:00:00+05:30,0.22,0.22,0.2,0.22,45777
2019-02-04 00:00:00+05:30,0.22,0.22,0.21,0.22,102844
2019-02-05 00:00:00+05:30,0.21,0.22,0.21,0.22,121016
2019-02-06 00:00:00+05:30,0.22,0.22,0.21,0.22,223363
2019-02-07 00:00:00+05:30,0.21,0.22,0.21,0.22,210253
2019-02-08 00:00:00+05:30,0.22,0.22,0.21,0.22,89904
2019-02-11 00:00:00+05:30,0.22,0.23,0.21,0.23,606308
2019-02-12 00:00:00+05:30,0.22,0.23,0.22,0.22,34660
2019-02-13 00:00:00+05:30,0.22,0.22,0.21,0.22,251576
2019-02-14 00:00:00+05:30,0.22,0.22,0.21,0.22,216765
2019-02-15 00:00:00+05:30,0.21,0.22,0.21,0.22,265026
2019-02-18 00:00:00+05:30,0.22,0.22,0.21,0.22,180667
2019-02-19 00:00:00+05:30,0.21,0.22,0.21,0.22,287605
2019-02-20 00:00:00+05:30,0.22,0.22,0.21,0.22,60613
2019-02-21 00:00:00+05:30,0.22,0.22,0.21,0.22,428621
2019-02-22 00:00:00+05:30,0.22,0.22,0.21,0.21,226607
2019-02-25 00:00:00+05:30,0.22,0.22,0.2,0.21,687706
2019-02-26 00:00:00+05:30,0.22,0.22,0.2,0.21,201946
2019-02-27 00:00:00+05:30,0.22,0.22,0.2,0.21,411827
2019-02-28 00:00:00+05:30,0.2,0.22,0.2,0.2,291955
2019-03-01 00:00:00+05:30,0.2,0.21,0.2,0.21,477222
2019-03-05 00:00:00+05:30,0.21,0.22,0.2,0.22,321742
2019-03-06 00:00:00+05:30,0.22,0.22,0.21,0.22,740129
2019-03-07 00:00:00+05:30,0.22,0.23,0.21,0.23,131426
2019-03-08 00:00:00+05:30,0.23,0.23,0.22,0.22,312688
2019-03-11 00:00:00+05:30,0.23,0.23,0.22,0.23,461863
2019-03-12 00:00:00+05:30,0.23,0.24,0.22,0.23,475590
2019-03-13 00:00:00+05:30,0.24,0.24,0.23,0.23,141538
2019-03-14 00:00:00+05:30,0.24,0.24,0.22,0.22,761246
2019-03-15 00:00:00+05:30,0.22,0.23,0.21,0.21,114187
2019-03-18 00:00:00+05:30,0.21,0.22,0.21,0.22,169686
2019-03-19 00:00:00+05:30,0.22,0.23,0.22,0.22,92314
2019-03-20 00:00:00+05:30,0.22,0.23,0.21,0.23,82974
2019-03-22 00:00:00+05:30,0.22,0.24,0.22,0.23,601482
2019-03-25 00:00:00+05:30,0.23,0.24,0.22,0.23,171739
2019-03-26 00:00:00+05:30,0.23,0.23,0.22,0.22,296692
2019-03-27 00:00:00+05:30,0.22,0.23,0.21,0.21,633417
2019-03-28 00:00:00+05:30,0.22,0.22,0.2,0.22,273701
2019-03-29 00:00:00+05:30,0.22,0.23,0.22,0.23,377568
2019-04-01 00:00:00+05:30,0.24,0.24,0.22,0.23,1095405
2019-04-02 00:00:00+05:30,0.23,0.24,0.22,0.23,294131
2019-04-03 00:00:00+05:30,0.22,0.24,0.22,0.23,138823
2019-04-04 00:00:00+05:30,0.22,0.23,0.22,0.23,91802
2019-04-05 00:00:00+05:30,0.23,0.23,0.22,0.23,217721
2019-04-08 00:00:00+05:30,0.23,0.23,0.22,0.22,187592
2019-04-09 00:00:00+05:30,0.21,0.23,0.21,0.22,262479
2019-04-10 00:00:00+05:30,0.21,0.22,0.21,0.21,37308
2019-04-11 00:00:00+05:30,0.21,0.22,0.21,0.21,301514
2019-04-12 00:00:00+05:30,0.22,0.22,0.21,0.22,365590
2019-04-15 00:00:00+05:30,0.22,0.22,0.21,0.22,1161391
2019-04-16 00:00:00+05:30,0.22,0.22,0.21,0.22,424511
2019-04-18 00:00:00+05:30,0.22,0.23,0.21,0.21,141567
2019-04-22 00:00:00+05:30,0.22,0.22,0.22,0.22,1115665
2019-04-23 00:00:00+05:30,0.23,0.23,0.23,0.23,112332
2019-04-24 00:00:00+05:30,0.24,0.24,0.22,0.23,489545
2019-04-25 00:00:00+05:30,0.23,0.23,0.22,0.22,197990
2019-04-26 00:00:00+05:30,0.22,0.23,0.21,0.23,355486
2019-04-30 00:00:00+05:30,0.23,0.23,0.22,0.22,268275
2019-05-02 00:00:00+05:30,0.23,0.23,0.21,0.22,528613
2019-05-03 00:00:00+05:30,0.21,0.22,0.21,0.22,201507
2019-05-06 00:00:00+05:30,0.21,0.23,0.21,0.22,523496
2019-05-07 00:00:00+05:30,0.21,0.22,0.21,0.21,214654
2019-05-08 00:00:00+05:30,0.21,0.22,0.2,0.21,256002
2019-05-09 00:00:00+05:30,0.2,0.21,0.2,0.21,201927
2019-05-10 00:00:00+05:30,0.21,0.21,0.2,0.21,240035
2019-05-13 00:00:00+05:30,0.22,0.22,0.2,0.21,260734
2019-05-14 00:00:00+05:30,0.21,0.21,0.2,0.21,62467
2019-05-15 00:00:00+05:30,0.21,0.21,0.2,0.21,47781
2019-05-16 00:00:00+05:30,0.21,0.21,0.2,0.2,471883
2019-05-17 00:00:00+05:30,0.2,0.21,0.19,0.2,241703
2019-05-20 00:00:00+05:30,0.21,0.21,0.19,0.2,17545
2019-05-21 00:00:00+05:30,0.21,0.21,0.19,0.21,150486
2019-05-22 00:00:00+05:30,0.21,0.22,0.2,0.21,297137
2019-05-23 00:00:00+05:30,0.21,0.22,0.2,0.21,198696
2019-05-24 00:00:00+05:30,0.2,0.21,0.2,0.21,147281
2019-05-27 00:00:00+05:30,0.21,0.21,0.2,0.2,245834
2019-05-28 00:00:00+05:30,0.21,0.21,0.19,0.2,192150
2019-05-29 00:00:00+05:30,0.21,0.21,0.19,0.2,170300
2019-05-30 00:00:00+05:30,0.2,0.21,0.19,0.21,73785
2019-05-31 00:00:00+05:30,0.21,0.21,0.2,0.21,68722
2019-06-03 00:00:00+05:30,0.2,0.21,0.2,0.21,340854
2019-06-04 00:00:00+05:30,0.21,0.21,0.2,0.21,166023
2019-06-06 00:00:00+05:30,0.21,0.21,0.2,0.21,225822
2019-06-07 00:00:00+05:30,0.21,0.22,0.2,0.22,1047099
2019-06-10 00:00:00+05:30,0.22,0.23,0.22,0.22,507318
2019-06-11 00:00:00+05:30,0.23,0.23,0.21,0.21,55896
2019-06-12 00:00:00+05:30,0.22,0.22,0.21,0.22,77720
2019-06-13 00:00:00+05:30,0.21,0.22,0.21,0.22,199276
2019-06-14 00:00:00+05:30,0.22,0.22,0.21,0.22,207559
2019-06-17 00:00:00+05:30,0.22,0.22,0.21,0.21,30049
2019-06-18 00:00:00+05:30,0.21,0.21,0.2,0.2,45642
2019-06-19 00:00:00+05:30,0.2,0.2,0.19,0.19,217461
2019-06-20 00:00:00+05:30,0.2,0.2,0.19,0.2,23041
2019-06-21 00:00:00+05:30,0.2,0.2,0.19,0.2,150911
2019-06-24 00:00:00+05:30,0.19,0.2,0.19,0.2,200494
2019-06-25 00:00:00+05:30,0.2,0.21,0.19,0.21,315063
2019-06-26 00:00:00+05:30,0.21,0.21,0.2,0.2,62326
2019-06-27 00:00:00+05:30,0.19,0.2,0.19,0.2,30812
2019-06-28 00:00:00+05:30,0.19,0.2,0.19,0.2,115734
2019-07-01 00:00:00+05:30,0.21,0.21,0.19,0.21,335890
2019-07-02 00:00:00+05:30,0.21,0.21,0.2,0.21,18636
2019-07-03 00:00:00+05:30,0.21,0.21,0.2,0.21,113864
2019-07-04 00:00:00+05:30,0.21,0.21,0.2,0.21,463839
2019-07-05 00:00:00+05:30,0.21,0.22,0.2,0.2,146689
2019-07-08 00:00:00+05:30,0.21,0.21,0.2,0.21,177455
2019-07-09 00:00:00+05:30,0.21,0.21,0.2,0.21,519644
2019-07-10 00:00:00+05:30,0.2,0.22,0.2,0.2,63663
2019-07-11 00:00:00+05:30,0.21,0.21,0.2,0.21,93080
2019-07-12 00:00:00+05:30,0.22,0.22,0.21,0.22,323553
2019-07-15 00:00:00+05:30,0.23,0.23,0.22,0.23,320953
2019-07-16 00:00:00+05:30,0.23,0.24,0.23,0.24,267350
2019-07-17 00:00:00+05:30,0.24,0.25,0.23,0.25,245335
2019-07-18 00:00:00+05:30,0.25,0.26,0.24,0.26,298315
2019-07-19 00:00:00+05:30,0.27,0.27,0.25,0.27,1078444
2019-07-22 00:00:00+05:30,0.28,0.28,0.28,0.28,72074
2019-07-23 00:00:00+05:30,0.29,0.29,0.29,0.29,26954
2019-07-24 00:00:00+05:30,0.3,0.3,0.3,0.3,24166
2019-07-25 00:00:00+05:30,0.31,0.31,0.31,0.31,89407
2019-07-26 00:00:00+05:30,0.32,0.32,0.32,0.32,36423
2019-07-29 00:00:00+05:30,0.33,0.33,0.33,0.33,9141
2019-07-30 00:00:00+05:30,0.34,0.34,0.34,0.34,119437
2019-07-31 00:00:00+05:30,0.35,0.35,0.33,0.33,1458032
2019-08-01 00:00:00+05:30,0.32,0.34,0.32,0.34,683025
2019-08-02 00:00:00+05:30,0.33,0.33,0.33,0.33,52169
2019-08-05 00:00:00+05:30,0.32,0.34,0.32,0.33,258778
2019-08-06 00:00:00+05:30,0.34,0.34,0.32,0.32,141815
2019-08-07 00:00:00+05:30,0.33,0.33,0.31,0.32,323988
2019-08-08 00:00:00+05:30,0.31,0.32,0.31,0.31,263405
2019-08-09 00:00:00+05:30,0.31,0.32,0.31,0.32,122540
2019-08-13 00:00:00+05:30,0.33,0.33,0.31,0.33,257738
2019-08-14 00:00:00+05:30,0.33,0.33,0.32,0.32,114414
2019-08-16 00:00:00+05:30,0.31,0.32,0.31,0.32,286875
2019-08-19 00:00:00+05:30,0.31,0.32,0.31,0.31,272623
2019-08-20 00:00:00+05:30,0.3,0.31,0.3,0.3,437058
2019-08-21 00:00:00+05:30,0.3,0.3,0.29,0.3,262465
2019-08-22 00:00:00+05:30,0.29,0.3,0.29,0.3,382210
2019-08-23 00:00:00+05:30,0.29,0.29,0.29,0.29,37203
2019-08-26 00:00:00+05:30,0.28,0.28,0.28,0.28,24465
2019-08-27 00:00:00+05:30,0.27,0.27,0.27,0.27,47296
2019-08-28 00:00:00+05:30,0.26,0.27,0.26,0.26,82244
2019-08-29 00:00:00+05:30,0.25,0.27,0.25,0.26,138963
2019-08-30 00:00:00+05:30,0.26,0.26,0.25,0.25,87527
2019-09-03 00:00:00+05:30,0.26,0.26,0.24,0.25,68055
2019-09-04 00:00:00+05:30,0.25,0.26,0.24,0.24,38449
2019-09-05 00:00:00+05:30,0.25,0.25,0.25,0.25,25606
2019-09-06 00:00:00+05:30,0.26,0.26,0.24,0.26,409519
2019-09-09 00:00:00+05:30,0.25,0.26,0.25,0.25,96950
2019-09-11 00:00:00+05:30,0.24,0.26,0.24,0.25,102098
2019-09-12 00:00:00+05:30,0.26,0.26,0.25,0.25,340121
2019-09-13 00:00:00+05:30,0.26,0.26,0.25,0.26,193526
2019-09-16 00:00:00+05:30,0.25,0.27,0.25,0.26,106197
2019-09-17 00:00:00+05:30,0.26,0.27,0.26,0.27,40217
2019-09-18 00:00:00+05:30,0.27,0.28,0.27,0.27,160716
2019-09-19 00:00:00+05:30,0.27,0.28,0.26,0.26,122455
2019-09-20 00:00:00+05:30,0.27,0.27,0.25,0.25,61762
2019-09-23 00:00:00+05:30,0.24,0.25,0.24,0.25,350446
2019-09-24 00:00:00+05:30,0.24,0.26,0.24,0.25,145291
2019-09-25 00:00:00+05:30,0.26,0.26,0.24,0.24,102330
2019-09-26 00:00:00+05:30,0.24,0.25,0.23,0.24,319768
2019-09-27 00:00:00+05:30,0.24,0.25,0.23,0.24,643783
2019-09-30 00:00:00+05:30,0.24,0.25,0.24,0.24,312529
2019-10-01 00:00:00+05:30,0.24,0.25,0.23,0.25,484794
2019-10-03 00:00:00+05:30,0.24,0.25,0.24,0.24,160339
2019-10-04 00:00:00+05:30,0.23,0.25,0.23,0.24,552587
2019-10-07 00:00:00+05:30,0.23,0.24,0.23,0.23,331955
2019-10-09 00:00:00+05:30,0.22,0.24,0.22,0.23,118015
2019-10-10 00:00:00+05:30,0.24,0.24,0.22,0.23,57606
2019-10-11 00:00:00+05:30,0.22,0.24,0.22,0.23,57491
2019-10-14 00:00:00+05:30,0.22,0.24,0.22,0.23,403738
2019-10-15 00:00:00+05:30,0.22,0.24,0.22,0.22,573884
2019-10-16 00:00:00+05:30,0.23,0.23,0.21,0.22,195842
2019-10-17 00:00:00+05:30,0.23,0.23,0.21,0.21,291930
2019-10-18 00:00:00+05:30,0.22,0.22,0.2,0.21,947896
2019-10-22 00:00:00+05:30,0.22,0.22,0.21,0.21,130502
2019-10-23 00:00:00+05:30,0.22,0.22,0.2,0.22,1077893
2019-10-24 00:00:00+05:30,0.22,0.23,0.22,0.23,810478
2019-10-25 00:00:00+05:30,0.23,0.24,0.23,0.23,673277
2019-10-27 00:00:00+05:30,0.24,0.24,0.24,0.24,62276
2019-10-29 00:00:00+05:30,0.24,0.25,0.23,0.24,279021
2019-10-30 00:00:00+05:30,0.24,0.24,0.23,0.23,427015
2019-10-31 00:00:00+05:30,0.23,0.23,0.22,0.22,432509
2019-11-01 00:00:00+05:30,0.22,0.23,0.21,0.22,195419
2019-11-04 00:00:00+05:30,0.23,0.23,0.22,0.23,686659
2019-11-05 00:00:00+05:30,0.23,0.23,0.22,0.22,1489059
2019-11-06 00:00:00+05:30,0.22,0.22,0.21,0.22,513138
2019-11-07 00:00:00+05:30,0.23,0.23,0.21,0.21,806714
2019-11-08 00:00:00+05:30,0.22,0.22,0.21,0.22,1313435
2019-11-11 00:00:00+05:30,0.23,0.23,0.21,0.22,1043657
2019-11-13 00:00:00+05:30,0.23,0.23,0.22,0.23,275415
2019-11-14 00:00:00+05:30,0.22,0.23,0.22,0.22,249412
2019-11-15 00:00:00+05:30,0.21,0.22,0.21,0.22,686712
2019-11-18 00:00:00+05:30,0.22,0.22,0.21,0.21,960532
2019-11-19 00:00:00+05:30,0.22,0.22,0.21,0.22,110743
2019-11-20 00:00:00+05:30,0.22,0.22,0.21,0.22,595444
2019-11-21 00:00:00+05:30,0.22,0.22,0.21,0.22,230781
2019-11-22 00:00:00+05:30,0.22,0.22,0.21,0.22,1849758
2019-11-25 00:00:00+05:30,0.22,0.23,0.21,0.22,419015
2019-11-26 00:00:00+05:30,0.23,0.23,0.22,0.23,599160
2019-11-27 00:00:00+05:30,0.24,0.24,0.23,0.23,1850245
2019-11-28 00:00:00+05:30,0.24,0.24,0.22,0.24,734029
2019-11-29 00:00:00+05:30,0.24,0.25,0.23,0.24,678975
2019-12-02 00:00:00+05:30,0.24,0.25,0.23,0.23,401105
2019-12-03 00:00:00+05:30,0.24,0.24,0.22,0.22,589307
2019-12-04 00:00:00+05:30,0.22,0.23,0.22,0.23,161879
2019-12-05 00:00:00+05:30,0.23,0.23,0.22,0.22,160875
2019-12-06 00:00:00+05:30,0.23,0.23,0.22,0.23,807655
2019-12-09 00:00:00+05:30,0.23,0.24,0.22,0.22,442107
2019-12-10 00:00:00+05:30,0.23,0.23,0.21,0.22,901198
2019-12-11 00:00:00+05:30,0.23,0.23,0.21,0.22,353156
2019-12-12 00:00:00+05:30,0.21,0.23,0.21,0.22,180713
2019-12-13 00:00:00+05:30,0.22,0.22,0.21,0.21,284759
2019-12-16 00:00:00+05:30,0.22,0.22,0.21,0.22,667564
2019-12-17 00:00:00+05:30,0.21,0.23,0.21,0.23,76220
2019-12-18 00:00:00+05:30,0.22,0.23,0.22,0.23,24487
2019-12-19 00:00:00+05:30,0.22,0.22,0.22,0.22,337105
2019-12-20 00:00:00+05:30,0.21,0.22,0.21,0.22,47986
2019-12-23 00:00:00+05:30,0.22,0.22,0.21,0.21,198185
2019-12-24 00:00:00+05:30,0.21,0.22,0.21,0.22,260538
2019-12-26 00:00:00+05:30,0.22,0.22,0.21,0.21,1052865
2019-12-27 00:00:00+05:30,0.22,0.22,0.2,0.2,236779
2019-12-30 00:00:00+05:30,0.21,0.21,0.2,0.21,226974
2019-12-31 00:00:00+05:30,0.21,0.22,0.21,0.22,30021
2020-01-01 00:00:00+05:30,0.21,0.22,0.21,0.22,46981
2020-01-02 00:00:00+05:30,0.21,0.22,0.21,0.22,220508
2020-01-03 00:00:00+05:30,0.22,0.22,0.21,0.22,298094
2020-01-06 00:00:00+05:30,0.22,0.22,0.21,0.22,240793
2020-01-07 00:00:00+05:30,0.22,0.22,0.21,0.21,179588
2020-01-08 00:00:00+05:30,0.21,0.22,0.21,0.21,274359
2020-01-09 00:00:00+05:30,0.21,0.22,0.21,0.21,347051
2020-01-10 00:00:00+05:30,0.21,0.22,0.2,0.21,398709
2020-01-13 00:00:00+05:30,0.22,0.22,0.2,0.21,364644
2020-01-14 00:00:00+05:30,0.21,0.22,0.2,0.21,84428
2020-01-15 00:00:00+05:30,0.22,0.22,0.2,0.22,190860
2020-01-16 00:00:00+05:30,0.22,0.22,0.21,0.21,59549
2020-01-17 00:00:00+05:30,0.21,0.22,0.2,0.21,211166
2020-01-20 00:00:00+05:30,0.21,0.21,0.2,0.21,224281
2020-01-21 00:00:00+05:30,0.21,0.21,0.2,0.21,275445
2020-01-22 00:00:00+05:30,0.21,0.21,0.2,0.21,68891
2020-01-23 00:00:00+05:30,0.21,0.22,0.2,0.22,420267
2020-01-24 00:00:00+05:30,0.21,0.21,0.21,0.21,377306
2020-01-27 00:00:00+05:30,0.21,0.21,0.2,0.2,302391
2020-01-28 00:00:00+05:30,0.2,0.21,0.2,0.2,113123
2020-01-29 00:00:00+05:30,0.21,0.21,0.2,0.21,146778
2020-01-30 00:00:00+05:30,0.2,0.21,0.2,0.21,95493
2020-01-31 00:00:00+05:30,0.21,0.21,0.2,0.21,44837
2020-02-01 00:00:00+05:30,0.2,0.21,0.2,0.2,233986
2020-02-03 00:00:00+05:30,0.2,0.2,0.19,0.19,280598
2020-02-04 00:00:00+05:30,0.2,0.2,0.19,0.2,81700
2020-02-05 00:00:00+05:30,0.19,0.2,0.19,0.19,149880
2020-02-06 00:00:00+05:30,0.19,0.2,0.19,0.2,341433
2020-02-07 00:00:00+05:30,0.2,0.21,0.19,0.2,196700
2020-02-10 00:00:00+05:30,0.21,0.21,0.19,0.2,78093
2020-02-11 00:00:00+05:30,0.21,0.21,0.19,0.2,49510
2020-02-12 00:00:00+05:30,0.19,0.21,0.19,0.21,155454
2020-02-13 00:00:00+05:30,0.21,0.21,0.2,0.21,145333
2020-02-14 00:00:00+05:30,0.21,0.21,0.2,0.21,120736
2020-02-17 00:00:00+05:30,0.2,0.21,0.2,0.21,198463
2020-02-18 00:00:00+05:30,0.2,0.21,0.2,0.21,135096
2020-02-19 00:00:00+05:30,0.21,0.21,0.2,0.21,146712
2020-02-20 00:00:00+05:30,0.2,0.22,0.2,0.22,539907
2020-02-24 00:00:00+05:30,0.22,0.22,0.21,0.21,638371
2020-02-25 00:00:00+05:30,0.2,0.21,0.2,0.2,99231
2020-02-26 00:00:00+05:30,0.2,0.21,0.19,0.2,150511
2020-02-27 00:00:00+05:30,0.19,0.2,0.19,0.19,168347
2020-02-28 00:00:00+05:30,0.19,0.2,0.19,0.2,29364
2020-03-02 00:00:00+05:30,0.19,0.2,0.19,0.19,55598
2020-03-03 00:00:00+05:30,0.2,0.2,0.19,0.2,174390
2020-03-04 00:00:00+05:30,0.2,0.21,0.19,0.2,235077
2020-03-05 00:00:00+05:30,0.19,0.21,0.19,0.19,251374
2020-03-06 00:00:00+05:30,0.19,0.2,0.19,0.19,381609
2020-03-09 00:00:00+05:30,0.2,0.2,0.19,0.2,48588
2020-03-11 00:00:00+05:30,0.2,0.2,0.19,0.19,385517
2020-03-12 00:00:00+05:30,0.19,0.2,0.19,0.19,40138
2020-03-13 00:00:00+05:30,0.19,0.19,0.19,0.19,71895
2020-03-16 00:00:00+05:30,0.19,0.19,0.19,0.19,35773
2020-03-17 00:00:00+05:30,0.19,0.19,0.19,0.19,115474
2020-03-18 00:00:00+05:30,0.19,0.19,0.19,0.19,2542
2020-03-19 00:00:00+05:30,0.19,0.19,0.19,0.19,20330
2020-03-20 00:00:00+05:30,0.19,0.19,0.19,0.19,35984
2020-03-23 00:00:00+05:30,0.19,0.19,0.19,0.19,2718
2020-03-24 00:00:00+05:30,0.19,0.19,0.19,0.19,1541
2020-03-25 00:00:00+05:30,0.19,0.19,0.19,0.19,26550
2020-03-26 00:00:00+05:30,0.19,0.19,0.19,0.19,11699
2020-03-27 00:00:00+05:30,0.19,0.19,0.19,0.19,23150
2020-03-30 00:00:00+05:30,0.19,0.19,0.19,0.19,4825
2020-03-31 00:00:00+05:30,0.19,0.19,0.19,0.19,67680
2020-04-01 00:00:00+05:30,0.19,0.19,0.19,0.19,8935
2020-04-03 00:00:00+05:30,0.19,0.2,0.19,0.19,1132609
2020-04-07 00:00:00+05:30,0.19,0.2,0.19,0.2,792485
2020-04-08 00:00:00+05:30,0.19,0.21,0.19,0.2,1443311
2020-04-09 00:00:00+05:30,0.21,0.21,0.21,0.21,155181
2020-04-13 00:00:00+05:30,0.22,0.22,0.22,0.22,698572
2020-04-15 00:00:00+05:30,0.21,0.23,0.21,0.22,413738
2020-04-16 00:00:00+05:30,0.23,0.23,0.21,0.23,725882
2020-04-17 00:00:00+05:30,0.23,0.23,0.22,0.22,327639
2020-04-20 00:00:00+05:30,0.23,0.23,0.21,0.23,1444535
2020-04-21 00:00:00+05:30,0.24,0.24,0.22,0.23,299816
2020-04-22 00:00:00+05:30,0.23,0.23,0.22,0.23,663134
2020-04-23 00:00:00+05:30,0.23,0.23,0.22,0.23,241910
2020-04-24 00:00:00+05:30,0.23,0.23,0.22,0.22,251923
2020-04-27 00:00:00+05:30,0.23,0.23,0.21,0.21,744877
2020-04-28 00:00:00+05:30,0.22,0.22,0.2,0.21,294358
2020-04-29 00:00:00+05:30,0.22,0.22,0.21,0.22,306819
2020-04-30 00:00:00+05:30,0.22,0.22,0.21,0.22,502291
2020-05-04 00:00:00+05:30,0.22,0.22,0.21,0.22,469218
2020-05-05 00:00:00+05:30,0.21,0.23,0.21,0.23,1496168
2020-05-06 00:00:00+05:30,0.22,0.22,0.22,0.22,347316
2020-05-07 00:00:00+05:30,0.22,0.22,0.21,0.22,451781
2020-05-08 00:00:00+05:30,0.22,0.22,0.21,0.21,361908
2020-05-11 00:00:00+05:30,0.22,0.22,0.21,0.21,3403139
2020-05-12 00:00:00+05:30,0.22,0.22,0.21,0.22,1269189
2020-05-13 00:00:00+05:30,0.22,0.23,0.21,0.22,713248
2020-05-14 00:00:00+05:30,0.22,0.23,0.21,0.21,1556139
2020-05-15 00:00:00+05:30,0.22,0.22,0.2,0.22,504234
2020-05-18 00:00:00+05:30,0.21,0.22,0.21,0.21,103173
2020-05-19 00:00:00+05:30,0.21,0.22,0.2,0.21,465049
2020-05-20 00:00:00+05:30,0.21,0.21,0.2,0.21,260914
2020-05-21 00:00:00+05:30,0.21,0.22,0.2,0.22,482509
2020-05-22 00:00:00+05:30,0.22,0.22,0.21,0.21,236388
2020-05-26 00:00:00+05:30,0.22,0.22,0.21,0.21,338279
2020-05-27 00:00:00+05:30,0.21,0.22,0.21,0.22,243475
2020-05-28 00:00:00+05:30,0.22,0.22,0.21,0.22,364434
2020-05-29 00:00:00+05:30,0.22,0.23,0.21,0.23,230791
2020-06-01 00:00:00+05:30,0.23,0.23,0.22,0.23,580663
2020-06-02 00:00:00+05:30,0.23,0.23,0.22,0.23,228777
2020-06-03 00:00:00+05:30,0.23,0.24,0.22,0.24,1594385
2020-06-04 00:00:00+05:30,0.24,0.25,0.23,0.25,1616988
2020-06-05 00:00:00+05:30,0.26,0.26,0.26,0.26,32000
2020-06-08 00:00:00+05:30,0.27,0.27,0.27,0.27,41701
2020-06-09 00:00:00+05:30,0.28,0.28,0.28,0.28,3100
2020-06-10 00:00:00+05:30,0.29,0.29,0.29,0.29,6551
2020-06-11 00:00:00+05:30,0.3,0.3,0.3,0.3,215969
2020-06-12 00:00:00+05:30,0.3,0.31,0.29,0.31,818526
2020-06-15 00:00:00+05:30,0.31,0.32,0.3,0.32,451472
2020-06-16 00:00:00+05:30,0.33,0.33,0.32,0.33,732357
2020-06-17 00:00:00+05:30,0.34,0.34,0.34,0.34,18325
2020-06-18 00:00:00+05:30,0.35,0.35,0.35,0.35,51370
2020-06-19 00:00:00+05:30,0.36,0.36,0.36,0.36,335536
2020-06-22 00:00:00+05:30,0.37,0.37,0.37,0.37,26123
2020-06-23 00:00:00+05:30,0.38,0.38,0.38,0.38,29951
2020-06-24 00:00:00+05:30,0.39,0.39,0.39,0.39,32503
2020-06-25 00:00:00+05:30,0.4,0.4,0.4,0.4,10500
2020-06-26 00:00:00+05:30,0.42,0.42,0.42,0.42,10365
2020-06-29 00:00:00+05:30,0.44,0.44,0.44,0.44,121581
2020-06-30 00:00:00+05:30,0.46,0.46,0.46,0.46,8300
2020-07-01 00:00:00+05:30,0.48,0.48,0.48,0.48,470205
2020-07-02 00:00:00+05:30,0.5,0.5,0.5,0.5,1091890
2020-07-03 00:00:00+05:30,0.52,0.52,0.5,0.52,2670563
2020-07-06 00:00:00+05:30,0.54,0.54,0.5,0.5,2884884
2020-07-07 00:00:00+05:30,0.48,0.48,0.48,0.48,531270
2020-07-08 00:00:00+05:30,0.46,0.5,0.46,0.5,455372
2020-07-09 00:00:00+05:30,0.52,0.52,0.52,0.52,53749
2020-07-10 00:00:00+05:30,0.54,0.54,0.54,0.54,86645
2020-07-13 00:00:00+05:30,0.56,0.56,0.55,0.56,938963
2020-07-14 00:00:00+05:30,0.58,0.58,0.54,0.54,966254
2020-07-15 00:00:00+05:30,0.52,0.55,0.52,0.52,445273
2020-07-16 00:00:00+05:30,0.5,0.5,0.5,0.5,61458
2020-07-17 00:00:00+05:30,0.48,0.5,0.48,0.48,732812
2020-07-20 00:00:00+05:30,0.48,0.5,0.46,0.5,1088335
2020-07-21 00:00:00+05:30,0.52,0.52,0.52,0.52,267339
2020-07-22 00:00:00+05:30,0.54,0.54,0.5,0.5,745860
2020-07-23 00:00:00+05:30,0.48,0.52,0.48,0.48,866874
2020-07-24 00:00:00+05:30,0.48,0.5,0.46,0.49,610470
2020-07-27 00:00:00+05:30,0.47,0.5,0.47,0.49,549615
2020-07-28 00:00:00+05:30,0.47,0.51,0.47,0.48,369950
2020-07-29 00:00:00+05:30,0.49,0.5,0.46,0.46,678170
2020-07-30 00:00:00+05:30,0.48,0.48,0.44,0.48,611356
2020-07-31 00:00:00+05:30,0.48,0.48,0.46,0.46,1251255
2020-08-03 00:00:00+05:30,0.48,0.48,0.46,0.48,545981
2020-08-04 00:00:00+05:30,0.49,0.5,0.48,0.49,1221714
2020-08-05 00:00:00+05:30,0.5,0.51,0.5,0.51,171083
2020-08-06 00:00:00+05:30,0.53,0.53,0.53,0.53,516087
2020-08-07 00:00:00+05:30,0.53,0.55,0.51,0.51,766389
2020-08-10 00:00:00+05:30,0.5,0.53,0.49,0.5,581833
2020-08-11 00:00:00+05:30,0.48,0.52,0.48,0.5,847155
2020-08-12 00:00:00+05:30,0.51,0.52,0.5,0.52,252187
2020-08-13 00:00:00+05:30,0.54,0.54,0.51,0.53,397459
2020-08-14 00:00:00+05:30,0.53,0.53,0.51,0.51,646033
2020-08-17 00:00:00+05:30,0.51,0.51,0.49,0.5,333607
2020-08-18 00:00:00+05:30,0.48,0.52,0.48,0.51,326288
2020-08-19 00:00:00+05:30,0.5,0.52,0.49,0.49,567073
2020-08-20 00:00:00+05:30,0.5,0.5,0.47,0.49,707634
2020-08-21 00:00:00+05:30,0.5,0.5,0.48,0.49,636548
2020-08-24 00:00:00+05:30,0.47,0.5,0.47,0.49,722259
2020-08-25 00:00:00+05:30,0.48,0.5,0.47,0.47,844147
2020-08-26 00:00:00+05:30,0.47,0.48,0.46,0.47,661626
2020-08-27 00:00:00+05:30,0.48,0.49,0.46,0.49,701729
2020-08-28 00:00:00+05:30,0.49,0.5,0.47,0.47,545880
2020-08-31 00:00:00+05:30,0.45,0.48,0.45,0.46,708752
2020-09-01 00:00:00+05:30,0.44,0.48,0.44,0.46,501200
2020-09-02 00:00:00+05:30,0.47,0.48,0.45,0.48,226477
2020-09-03 00:00:00+05:30,0.49,0.49,0.46,0.47,609104
2020-09-04 00:00:00+05:30,0.47,0.48,0.45,0.46,738278
2020-09-07 00:00:00+05:30,0.47,0.47,0.44,0.45,474659
2020-09-08 00:00:00+05:30,0.46,0.47,0.44,0.46,422080
2020-09-09 00:00:00+05:30,0.45,0.46,0.44,0.44,575373
2020-09-10 00:00:00+05:30,0.44,0.45,0.43,0.43,470388
2020-09-11 00:00:00+05:30,0.44,0.45,0.42,0.43,611051
2020-09-14 00:00:00+05:30,0.44,0.45,0.43,0.45,1073493
2020-09-15 00:00:00+05:30,0.46,0.46,0.43,0.44,247750
2020-09-16 00:00:00+05:30,0.43,0.44,0.42,0.42,755402
2020-09-17 00:00:00+05:30,0.43,0.44,0.42,0.44,559233
2020-09-18 00:00:00+05:30,0.44,0.44,0.42,0.42,275373
2020-09-21 00:00:00+05:30,0.43,0.44,0.42,0.42,380142
2020-09-22 00:00:00+05:30,0.42,0.44,0.41,0.43,441346
2020-09-23 00:00:00+05:30,0.43,0.43,0.42,0.43,394417
2020-09-24 00:00:00+05:30,0.43,0.43,0.41,0.41,371904
2020-09-25 00:00:00+05:30,0.41,0.43,0.4,0.42,258466
2020-09-28 00:00:00+05:30,0.42,0.43,0.4,0.41,821673
2020-09-29 00:00:00+05:30,0.42,0.42,0.4,0.42,346647
2020-09-30 00:00:00+05:30,0.42,0.42,0.4,0.42,441243
2020-10-01 00:00:00+05:30,0.42,0.42,0.41,0.42,291298
2020-10-05 00:00:00+05:30,0.42,0.42,0.41,0.42,245753
2020-10-06 00:00:00+05:30,0.42,0.42,0.4,0.41,628614
2020-10-07 00:00:00+05:30,0.41,0.41,0.39,0.4,439975
2020-10-08 00:00:00+05:30,0.4,0.42,0.39,0.42,452274
2020-10-09 00:00:00+05:30,0.42,0.42,0.4,0.41,459911
2020-10-12 00:00:00+05:30,0.41,0.41,0.4,0.41,396929
2020-10-13 00:00:00+05:30,0.41,0.41,0.4,0.4,69820
2020-10-14 00:00:00+05:30,0.4,0.41,0.39,0.4,345856
2020-10-15 00:00:00+05:30,0.41,0.41,0.4,0.41,152471
2020-10-16 00:00:00+05:30,0.41,0.41,0.37,0.38,631429
2020-10-19 00:00:00+05:30,0.39,0.4,0.37,0.38,726839
2020-10-20 00:00:00+05:30,0.39,0.4,0.38,0.39,321718
2020-10-21 00:00:00+05:30,0.4,0.41,0.39,0.4,247703
2020-10-22 00:00:00+05:30,0.4,0.4,0.39,0.39,182550
2020-10-23 00:00:00+05:30,0.4,0.42,0.39,0.42,653792
2020-10-26 00:00:00+05:30,0.46,0.46,0.39,0.4,1733330
2020-10-27 00:00:00+05:30,0.41,0.42,0.4,0.42,317559
2020-10-28 00:00:00+05:30,0.42,0.42,0.39,0.4,480643
2020-10-29 00:00:00+05:30,0.4,0.41,0.39,0.41,187049
2020-10-30 00:00:00+05:30,0.4,0.41,0.39,0.4,288717
2020-11-02 00:00:00+05:30,0.4,0.41,0.4,0.41,160027
2020-11-03 00:00:00+05:30,0.41,0.41,0.39,0.4,354712
2020-11-04 00:00:00+05:30,0.4,0.41,0.4,0.4,122763
2020-11-05 00:00:00+05:30,0.4,0.41,0.4,0.41,454034
2020-11-06 00:00:00+05:30,0.41,0.41,0.4,0.41,399594
2020-11-09 00:00:00+05:30,0.4,0.41,0.38,0.41,556929
2020-11-10 00:00:00+05:30,0.41,0.41,0.38,0.4,398281
2020-11-11 00:00:00+05:30,0.4,0.41,0.39,0.39,217136
2020-11-12 00:00:00+05:30,0.39,0.41,0.39,0.41,146050
2020-11-13 00:00:00+05:30,0.4,0.45,0.4,0.43,718409
2020-11-14 00:00:00+05:30,0.44,0.45,0.42,0.44,1083109
2020-11-17 00:00:00+05:30,0.44,0.45,0.42,0.43,468792
2020-11-18 00:00:00+05:30,0.42,0.44,0.41,0.41,257779
2020-11-19 00:00:00+05:30,0.42,0.43,0.4,0.4,569404
2020-11-20 00:00:00+05:30,0.42,0.42,0.4,0.42,339142
2020-11-23 00:00:00+05:30,0.41,0.42,0.41,0.42,540357
2020-11-24 00:00:00+05:30,0.42,0.43,0.41,0.42,587209
2020-11-25 00:00:00+05:30,0.41,0.42,0.4,0.41,527603
2020-11-26 00:00:00+05:30,0.41,0.42,0.4,0.4,374667
2020-11-27 00:00:00+05:30,0.4,0.41,0.39,0.41,518744
2020-12-01 00:00:00+05:30,0.4,0.41,0.4,0.4,501639
2020-12-02 00:00:00+05:30,0.41,0.41,0.4,0.4,566960
2020-12-03 00:00:00+05:30,0.41,0.41,0.4,0.41,1000319
2020-12-04 00:00:00+05:30,0.4,0.41,0.4,0.41,558241
2020-12-07 00:00:00+05:30,0.41,0.46,0.41,0.44,1378182
2020-12-08 00:00:00+05:30,0.46,0.52,0.46,0.52,3020008
2020-12-09 00:00:00+05:30,0.61,0.62,0.56,0.62,5779107
2020-12-10 00:00:00+05:30,0.65,0.68,0.65,0.68,7133390
2020-12-11 00:00:00+05:30,0.7,0.74,0.7,0.74,3971216
2020-12-14 00:00:00+05:30,0.81,0.81,0.78,0.81,2312557
2020-12-15 00:00:00+05:30,0.85,0.85,0.77,0.77,3653452
2020-12-16 00:00:00+05:30,0.74,0.74,0.74,0.74,248508
2020-12-17 00:00:00+05:30,0.71,0.71,0.71,0.71,196106
2020-12-18 00:00:00+05:30,0.68,0.68,0.68,0.68,323711
2020-12-21 00:00:00+05:30,0.65,0.69,0.65,0.65,1845330
2020-12-22 00:00:00+05:30,0.62,0.62,0.62,0.62,272722
2020-12-23 00:00:00+05:30,0.59,0.65,0.59,0.64,692548
2020-12-24 00:00:00+05:30,0.67,0.67,0.66,0.67,511514
2020-12-28 00:00:00+05:30,0.7,0.7,0.7,0.7,182277
2020-12-29 00:00:00+05:30,0.73,0.73,0.73,0.73,86215
2020-12-30 00:00:00+05:30,0.76,0.76,0.76,0.76,131413
2020-12-31 00:00:00+05:30,0.79,0.79,0.79,0.79,93453
2021-01-01 00:00:00+05:30,0.82,0.82,0.82,0.82,142264
2021-01-04 00:00:00+05:30,0.86,0.86,0.86,0.86,148372
2021-01-05 00:00:00+05:30,0.9,0.9,0.9,0.9,69220
2021-01-06 00:00:00+05:30,0.94,0.94,0.94,0.94,123191
2021-01-07 00:00:00+05:30,0.98,0.98,0.98,0.98,170117
2021-01-08 00:00:00+05:30,1.02,1.02,1.02,1.02,182309
2021-01-11 00:00:00+05:30,1.07,1.07,1.0,1.06,5385148
2021-01-12 00:00:00+05:30,1.05,1.05,1.01,1.02,4041220
2021-01-13 00:00:00+05:30,1.07,1.07,0.97,0.97,3938306
2021-01-14 00:00:00+05:30,0.94,0.95,0.93,0.93,2378030
2021-01-15 00:00:00+05:30,0.89,0.95,0.89,0.89,1643606
2021-01-18 00:00:00+05:30,0.93,0.93,0.85,0.88,1737580
2021-01-19 00:00:00+05:30,0.85,0.92,0.85,0.92,223625
2021-01-20 00:00:00+05:30,0.96,0.96,0.96,0.96,64733
2021-01-21 00:00:00+05:30,1.0,1.0,0.95,1.0,1566534
2021-01-22 00:00:00+05:30,1.04,1.05,0.95,0.95,2498227
2021-01-25 00:00:00+05:30,0.97,0.97,0.91,0.91,1218132
2021-01-27 00:00:00+05:30,0.87,0.87,0.87,0.87,505798
2021-01-28 00:00:00+05:30,0.83,0.91,0.83,0.91,972760
2021-01-29 00:00:00+05:30,0.92,0.95,0.88,0.91,929734
2021-02-01 00:00:00+05:30,0.87,0.94,0.87,0.87,1412869
2021-02-02 00:00:00+05:30,0.89,0.9,0.83,0.85,1049842
2021-02-03 00:00:00+05:30,0.88,0.89,0.86,0.88,846044
2021-02-04 00:00:00+05:30,0.88,0.9,0.85,0.86,906037
2021-02-05 00:00:00+05:30,0.84,0.89,0.82,0.89,1425409
2021-02-08 00:00:00+05:30,0.89,0.89,0.85,0.85,648966
2021-02-09 00:00:00+05:30,0.85,0.85,0.81,0.81,1245307
2021-02-10 00:00:00+05:30,0.81,0.85,0.78,0.85,1380483
2021-02-11 00:00:00+05:30,0.89,0.89,0.83,0.88,1091159
2021-02-12 00:00:00+05:30,0.91,0.92,0.86,0.88,797853
2021-02-15 00:00:00+05:30,0.85,0.89,0.84,0.84,843267
2021-02-16 00:00:00+05:30,0.85,0.85,0.8,0.81,818480
2021-02-17 00:00:00+05:30,0.81,0.82,0.8,0.8,851532
2021-02-18 00:00:00+05:30,0.82,0.83,0.77,0.79,612844
2021-02-19 00:00:00+05:30,0.81,0.81,0.76,0.77,1375606
2021-02-22 00:00:00+05:30,0.8,0.8,0.74,0.74,410457
2021-02-23 00:00:00+05:30,0.71,0.74,0.71,0.72,854921
2021-02-24 00:00:00+05:30,0.75,0.75,0.71,0.75,374813
2021-02-25 00:00:00+05:30,0.78,0.78,0.75,0.77,634092
2021-02-26 00:00:00+05:30,0.8,0.8,0.74,0.78,359060
2021-03-01 00:00:00+05:30,0.81,0.81,0.75,0.76,1170870
2021-03-02 00:00:00+05:30,0.75,0.79,0.74,0.77,1061823
2021-03-03 00:00:00+05:30,0.8,0.8,0.75,0.75,677998
2021-03-04 00:00:00+05:30,0.75,0.78,0.72,0.77,961254
2021-03-05 00:00:00+05:30,0.78,0.8,0.78,0.8,246323
2021-03-08 00:00:00+05:30,0.84,0.84,0.81,0.84,306614
2021-03-09 00:00:00+05:30,0.88,0.88,0.8,0.8,669360
2021-03-10 00:00:00+05:30,0.8,0.84,0.76,0.76,1447094
2021-03-12 00:00:00+05:30,0.79,0.79,0.76,0.77,1170901
2021-03-15 00:00:00+05:30,0.8,0.8,0.75,0.76,650971
2021-03-16 00:00:00+05:30,0.79,0.79,0.73,0.79,725449
2021-03-17 00:00:00+05:30,0.78,0.78,0.76,0.76,308400
2021-03-18 00:00:00+05:30,0.73,0.77,0.73,0.73,531106
2021-03-19 00:00:00+05:30,0.75,0.76,0.7,0.75,495288
2021-03-22 00:00:00+05:30,0.75,0.75,0.72,0.72,460601
2021-03-23 00:00:00+05:30,0.72,0.75,0.69,0.71,692304
2021-03-24 00:00:00+05:30,0.7,0.74,0.68,0.69,514838
2021-03-25 00:00:00+05:30,0.7,0.7,0.66,0.66,401664
2021-03-26 00:00:00+05:30,0.69,0.69,0.63,0.67,606048
2021-03-30 00:00:00+05:30,0.7,0.7,0.65,0.66,237828
2021-03-31 00:00:00+05:30,0.69,0.69,0.64,0.68,836103
2021-04-01 00:00:00+05:30,0.69,0.71,0.65,0.68,670753
2021-04-05 00:00:00+05:30,0.69,0.7,0.65,0.67,649252
2021-04-06 00:00:00+05:30,0.69,0.69,0.65,0.66,779911
2021-04-07 00:00:00+05:30,0.66,0.68,0.65,0.67,1093064
2021-04-08 00:00:00+05:30,0.67,0.69,0.65,0.67,857858
2021-04-09 00:00:00+05:30,0.68,0.68,0.65,0.68,414634
2021-04-12 00:00:00+05:30,0.68,0.68,0.65,0.67,402360
2021-04-13 00:00:00+05:30,0.67,0.67,0.64,0.66,483961
2021-04-15 00:00:00+05:30,0.67,0.69,0.63,0.68,1092700
2021-04-16 00:00:00+05:30,0.69,0.69,0.66,0.68,741058
2021-04-19 00:00:00+05:30,0.69,0.69,0.65,0.65,414640
2021-04-20 00:00:00+05:30,0.66,0.66,0.62,0.65,756563
2021-04-22 00:00:00+05:30,0.64,0.66,0.62,0.62,461501
2021-04-23 00:00:00+05:30,0.65,0.65,0.6,0.61,824353
2021-04-26 00:00:00+05:30,0.63,0.63,0.59,0.62,1088956
2021-04-27 00:00:00+05:30,0.62,0.64,0.61,0.62,662455
2021-04-28 00:00:00+05:30,0.63,0.65,0.61,0.65,2354962
2021-04-29 00:00:00+05:30,0.68,0.68,0.66,0.68,555457
2021-04-30 00:00:00+05:30,0.69,0.71,0.66,0.69,1601816
2021-05-03 00:00:00+05:30,0.7,0.7,0.66,0.66,1495140
2021-05-04 00:00:00+05:30,0.67,0.68,0.65,0.67,1401243
2021-05-05 00:00:00+05:30,0.68,0.7,0.65,0.68,1456441
2021-05-06 00:00:00+05:30,0.69,0.71,0.68,0.71,2057342
2021-05-07 00:00:00+05:30,0.74,0.74,0.74,0.74,196682
2021-05-10 00:00:00+05:30,0.77,0.77,0.77,0.77,74803
2021-05-11 00:00:00+05:30,0.8,0.8,0.8,0.8,32784
2021-05-12 00:00:00+05:30,0.84,0.84,0.84,0.84,42584
2021-05-14 00:00:00+05:30,0.88,0.88,0.88,0.88,63621
2021-05-17 00:00:00+05:30,0.92,0.92,0.92,0.92,49075
2021-05-18 00:00:00+05:30,0.96,0.96,0.92,0.96,5420382
2021-05-19 00:00:00+05:30,0.95,0.95,0.92,0.92,1928761
2021-05-20 00:00:00+05:30,0.9,0.92,0.88,0.89,1473581
2021-05-21 00:00:00+05:30,0.89,0.93,0.89,0.93,348464
2021-05-24 00:00:00+05:30,0.97,0.97,0.97,0.97,289696
2021-05-25 00:00:00+05:30,1.01,1.01,0.98,1.01,1214650
2021-05-26 00:00:00+05:30,1.06,1.06,1.01,1.04,1870625
2021-05-27 00:00:00+05:30,1.05,1.09,1.01,1.09,1796633
2021-05-28 00:00:00+05:30,1.14,1.14,1.1,1.14,3610252
2021-05-31 00:00:00+05:30,1.19,1.19,1.15,1.19,3307869
2021-06-01 00:00:00+05:30,1.24,1.24,1.21,1.24,2412960
2021-06-02 00:00:00+05:30,1.29,1.3,1.26,1.3,2555986
2021-06-03 00:00:00+05:30,1.36,1.36,1.35,1.36,1561603
2021-06-04 00:00:00+05:30,1.42,1.42,1.4,1.42,3703856
2021-06-07 00:00:00+05:30,1.4,1.49,1.4,1.49,10463643
2021-06-08 00:00:00+05:30,1.54,1.56,1.5,1.56,4546815
2021-06-09 00:00:00+05:30,1.63,1.63,1.6,1.63,4483037
2021-06-10 00:00:00+05:30,1.7,1.71,1.55,1.71,6011224
2021-06-11 00:00:00+05:30,1.78,1.79,1.63,1.79,10201565
2021-06-14 00:00:00+05:30,1.85,1.87,1.71,1.87,6897889
2021-06-15 00:00:00+05:30,1.94,1.96,1.9,1.96,5545439
2021-06-16 00:00:00+05:30,2.04,2.05,1.98,2.05,6434811
2021-06-17 00:00:00+05:30,2.14,2.15,2.09,2.15,4125772
2021-06-18 00:00:00+05:30,2.25,2.25,2.05,2.25,10108178
2021-06-21 00:00:00+05:30,2.34,2.36,2.25,2.36,6937853
2021-06-22 00:00:00+05:30,2.47,2.47,2.26,2.47,5142184
2021-06-23 00:00:00+05:30,2.58,2.59,2.53,2.59,5173332
2021-06-24 00:00:00+05:30,2.71,2.71,2.47,2.47,6998902
2021-06-25 00:00:00+05:30,2.35,2.35,2.35,2.35,929197
2021-06-28 00:00:00+05:30,2.24,2.24,2.24,2.24,273518
2021-06-29 00:00:00+05:30,2.13,2.13,2.13,2.13,319920
2021-06-30 00:00:00+05:30,2.03,2.03,2.03,2.03,247744
2021-07-01 00:00:00+05:30,1.93,1.93,1.93,1.93,258756
2021-07-02 00:00:00+05:30,1.84,1.84,1.84,1.84,346008
2021-07-05 00:00:00+05:30,1.75,1.75,1.75,1.75,538763
2021-07-06 00:00:00+05:30,1.67,1.83,1.67,1.83,12515068
2021-07-07 00:00:00+05:30,1.89,1.92,1.83,1.87,11934907
2021-07-08 00:00:00+05:30,1.9,1.92,1.78,1.78,4167942
2021-07-09 00:00:00+05:30,1.7,1.86,1.7,1.83,4869782
2021-07-12 00:00:00+05:30,1.88,1.91,1.8,1.86,4822708
2021-07-13 00:00:00+05:30,1.89,1.95,1.86,1.95,3243244
2021-07-14 00:00:00+05:30,2.03,2.04,1.95,2.04,4453438
2021-07-15 00:00:00+05:30,2.13,2.14,2.1,2.14,3399029
2021-07-16 00:00:00+05:30,2.24,2.24,2.04,2.22,9014587
2021-07-19 00:00:00+05:30,2.11,2.33,2.11,2.31,5437441
2021-07-20 00:00:00+05:30,2.42,2.42,2.31,2.42,5143681
2021-07-22 00:00:00+05:30,2.54,2.54,2.5,2.54,5979908
2021-07-23 00:00:00+05:30,2.59,2.62,2.42,2.42,3898920
2021-07-26 00:00:00+05:30,2.3,2.3,2.3,2.3,523433
2021-07-27 00:00:00+05:30,2.19,2.19,2.19,2.19,299907
2021-07-28 00:00:00+05:30,2.09,2.09,2.09,2.09,274733
2021-07-29 00:00:00+05:30,1.99,2.19,1.99,2.19,7262971
2021-07-30 00:00:00+05:30,2.25,2.28,2.09,2.2,4800494
2021-08-02 00:00:00+05:30,2.3,2.31,2.2,2.31,3348353
2021-08-03 00:00:00+05:30,2.39,2.39,2.2,2.2,2627019
2021-08-04 00:00:00+05:30,2.09,2.09,2.09,2.09,1058292
2021-08-05 00:00:00+05:30,1.99,2.08,1.99,1.99,1051139
2021-08-06 00:00:00+05:30,1.91,2.08,1.91,2.07,1449014
2021-08-09 00:00:00+05:30,2.15,2.17,1.98,2.04,1788147
2021-08-10 00:00:00+05:30,1.94,2.03,1.94,1.94,1487850
2021-08-11 00:00:00+05:30,1.85,1.9,1.85,1.85,746553
2021-08-12 00:00:00+05:30,1.76,1.94,1.76,1.93,4488429
2021-08-13 00:00:00+05:30,1.98,1.98,1.84,1.84,1353437
2021-08-16 00:00:00+05:30,1.84,1.92,1.75,1.77,2172881
2021-08-17 00:00:00+05:30,1.79,1.79,1.69,1.71,1512984
2021-08-18 00:00:00+05:30,1.65,1.74,1.63,1.64,1661032
2021-08-20 00:00:00+05:30,1.64,1.64,1.56,1.56,975073
2021-08-23 00:00:00+05:30,1.55,1.6,1.49,1.49,975562
2021-08-24 00:00:00+05:30,1.43,1.56,1.42,1.51,1765635
2021-08-25 00:00:00+05:30,1.52,1.58,1.52,1.58,692740
2021-08-26 00:00:00+05:30,1.65,1.65,1.61,1.65,848375
2021-08-27 00:00:00+05:30,1.73,1.73,1.65,1.72,2014475
2021-08-30 00:00:00+05:30,1.69,1.69,1.64,1.64,1218670
2021-08-31 00:00:00+05:30,1.56,1.56,1.56,1.56,466985
2021-09-01 00:00:00+05:30,1.52,1.54,1.49,1.5,1406297
2021-09-02 00:00:00+05:30,1.43,1.55,1.43,1.51,1056143
2021-09-03 00:00:00+05:30,1.5,1.58,1.46,1.56,1304238
2021-09-06 00:00:00+05:30,1.49,1.54,1.49,1.49,810860
2021-09-07 00:00:00+05:30,1.44,1.5,1.42,1.44,1436623
2021-09-08 00:00:00+05:30,1.44,1.51,1.41,1.5,2033903
2021-09-09 00:00:00+05:30,1.49,1.51,1.43,1.47,1465345
2021-09-13 00:00:00+05:30,1.49,1.5,1.4,1.41,2046444
2021-09-14 00:00:00+05:30,1.44,1.48,1.38,1.43,1997405
2021-09-15 00:00:00+05:30,1.4,1.45,1.39,1.42,1959286
2021-09-16 00:00:00+05:30,1.44,1.44,1.36,1.38,2176441
2021-09-17 00:00:00+05:30,1.38,1.42,1.34,1.36,1534249
2021-09-20 00:00:00+05:30,1.32,1.35,1.3,1.32,1892416
2021-09-21 00:00:00+05:30,1.3,1.32,1.26,1.26,1825753
2021-09-22 00:00:00+05:30,1.25,1.32,1.22,1.3,1965332
2021-09-23 00:00:00+05:30,1.25,1.36,1.25,1.36,1705617
2021-09-24 00:00:00+05:30,1.39,1.42,1.39,1.42,3835729
2021-09-27 00:00:00+05:30,1.44,1.44,1.36,1.36,1719035
2021-09-28 00:00:00+05:30,1.33,1.38,1.3,1.31,2041011
2021-09-29 00:00:00+05:30,1.31,1.35,1.25,1.29,1237687
2021-09-30 00:00:00+05:30,1.33,1.33,1.27,1.3,1404471
2021-10-01 00:00:00+05:30,1.29,1.32,1.24,1.27,2297665
2021-10-04 00:00:00+05:30,1.29,1.33,1.26,1.33,1380443
2021-10-05 00:00:00+05:30,1.33,1.38,1.31,1.34,1045297
2021-10-06 00:00:00+05:30,1.34,1.34,1.28,1.32,1918869
2021-10-07 00:00:00+05:30,1.32,1.38,1.28,1.37,1608755
2021-10-08 00:00:00+05:30,1.37,1.43,1.35,1.43,1883633
2021-10-11 00:00:00+05:30,1.44,1.49,1.43,1.48,3972863
2021-10-12 00:00:00+05:30,1.48,1.53,1.41,1.43,3502184
2021-10-13 00:00:00+05:30,1.44,1.5,1.44,1.5,4866088
2021-10-14 00:00:00+05:30,1.53,1.57,1.52,1.57,2644966
2021-10-18 00:00:00+05:30,1.64,1.64,1.6,1.64,9631187
2021-10-19 00:00:00+05:30,1.69,1.69,1.56,1.56,7431543
2021-10-20 00:00:00+05:30,1.5,1.51,1.49,1.49,1267420
2021-10-21 00:00:00+05:30,1.52,1.54,1.45,1.49,2330260
2021-10-22 00:00:00+05:30,1.49,1.53,1.46,1.46,1439579
2021-10-25 00:00:00+05:30,1.47,1.49,1.39,1.4,3803019
2021-10-26 00:00:00+05:30,1.42,1.42,1.36,1.38,1870453
2021-10-27 00:00:00+05:30,1.39,1.39,1.36,1.36,1834620
2021-10-28 00:00:00+05:30,1.36,1.41,1.3,1.37,2772063
2021-10-29 00:00:00+05:30,1.37,1.38,1.32,1.35,1199770
2021-11-01 00:00:00+05:30,1.38,1.4,1.36,1.39,2183524
2021-11-02 00:00:00+05:30,1.39,1.39,1.36,1.36,2010821
2021-11-03 00:00:00+05:30,1.36,1.38,1.33,1.35,1624358
2021-11-04 00:00:00+05:30,1.35,1.41,1.35,1.4,1166606
2021-11-08 00:00:00+05:30,1.44,1.47,1.43,1.47,1509412
2021-11-09 00:00:00+05:30,1.5,1.54,1.47,1.54,2319191
2021-11-10 00:00:00+05:30,1.59,1.61,1.55,1.61,1547623
2021-11-11 00:00:00+05:30,1.68,1.69,1.65,1.69,8515490
2021-11-12 00:00:00+05:30,1.75,1.77,1.65,1.77,11508863
2021-11-15 00:00:00+05:30,1.7,1.78,1.69,1.75,9413087
2021-11-16 00:00:00+05:30,1.77,1.83,1.76,1.83,6787678
2021-11-17 00:00:00+05:30,1.89,1.92,1.83,1.92,4851266
2021-11-18 00:00:00+05:30,2.01,2.01,1.91,2.01,6578608
2021-11-22 00:00:00+05:30,2.11,2.11,2.05,2.11,5383291
2021-11-23 00:00:00+05:30,2.21,2.21,2.21,2.21,3446867
2021-11-24 00:00:00+05:30,2.32,2.32,2.25,2.32,5878121
2021-11-25 00:00:00+05:30,2.43,2.43,2.43,2.43,2670957
2021-11-26 00:00:00+05:30,2.55,2.55,2.31,2.53,18340846
2021-11-29 00:00:00+05:30,2.65,2.65,2.41,2.41,13999902
2021-11-30 00:00:00+05:30,2.29,2.38,2.29,2.29,1862296
2021-12-01 00:00:00+05:30,2.18,2.18,2.18,2.18,995193
2021-12-02 00:00:00+05:30,2.08,2.08,2.08,2.08,525507
2021-12-03 00:00:00+05:30,1.98,2.18,1.98,2.18,7341229
2021-12-06 00:00:00+05:30,2.28,2.28,2.21,2.28,6892727
2021-12-07 00:00:00+05:30,2.38,2.39,2.32,2.39,6091115
2021-12-08 00:00:00+05:30,2.5,2.5,2.4,2.5,7420111
2021-12-09 00:00:00+05:30,2.61,2.62,2.5,2.62,13097858
2021-12-10 00:00:00+05:30,2.75,2.75,2.65,2.75,7256958
2021-12-13 00:00:00+05:30,2.88,2.88,2.88,2.88,4766703
2021-12-14 00:00:00+05:30,3.02,3.02,3.02,3.02,3072354
2021-12-15 00:00:00+05:30,3.17,3.17,3.17,3.17,5018063
2021-12-16 00:00:00+05:30,3.32,3.32,3.32,3.32,10572869
2021-12-17 00:00:00+05:30,3.48,3.48,3.48,3.48,8701793
2021-12-20 00:00:00+05:30,3.65,3.65,3.31,3.65,29204924
2021-12-21 00:00:00+05:30,3.81,3.83,3.75,3.83,8723431
2021-12-22 00:00:00+05:30,4.02,4.02,4.02,4.02,4018759
2021-12-23 00:00:00+05:30,4.22,4.22,4.22,4.22,4442219
2021-12-24 00:00:00+05:30,4.43,4.43,4.43,4.43,4887293
2021-12-27 00:00:00+05:30,4.65,4.65,4.22,4.65,19435937
2021-12-28 00:00:00+05:30,4.88,4.88,4.88,4.88,4624453
2021-12-29 00:00:00+05:30,5.12,5.12,4.75,5.12,24757697
2021-12-30 00:00:00+05:30,5.32,5.37,5.18,5.37,11159887
2021-12-31 00:00:00+05:30,5.63,5.63,5.63,5.63,4843180
2022-01-03 00:00:00+05:30,5.91,5.91,5.91,5.91,4702435
2022-01-04 00:00:00+05:30,6.2,6.2,5.62,6.2,39838796
2022-01-05 00:00:00+05:30,6.2,6.51,5.9,6.51,15619942
2022-01-06 00:00:00+05:30,6.83,6.83,6.8,6.83,4961135
2022-01-07 00:00:00+05:30,7.17,7.17,7.17,7.17,2895965
2022-01-10 00:00:00+05:30,7.52,7.52,7.52,7.52,3709495
2022-01-11 00:00:00+05:30,7.89,7.89,7.52,7.89,18706144
2022-01-12 00:00:00+05:30,8.28,8.28,7.5,8.25,43899457
2022-01-13 00:00:00+05:30,7.84,8.4,7.84,7.84,12915098
2022-01-14 00:00:00+05:30,7.45,8.23,7.45,8.23,21366049
2022-01-17 00:00:00+05:30,8.64,8.64,8.26,8.64,14934896
2022-01-18 00:00:00+05:30,9.05,9.05,8.24,8.37,18576506
2022-01-19 00:00:00+05:30,7.96,7.96,7.96,7.96,1636123
2022-01-20 00:00:00+05:30,7.57,7.57,7.57,7.57,892633
2022-01-21 00:00:00+05:30,7.2,7.2,7.2,7.2,799004
2022-01-24 00:00:00+05:30,6.84,6.84,6.84,6.84,727294
2022-01-25 00:00:00+05:30,6.5,6.5,6.5,6.5,702424
2022-01-27 00:00:00+05:30,6.18,6.18,6.18,6.18,787549
2022-01-28 00:00:00+05:30,5.88,6.48,5.88,6.48,7494643
2022-01-31 00:00:00+05:30,6.75,6.75,6.16,6.16,2888400
2022-02-01 00:00:00+05:30,5.86,5.86,5.86,5.86,1128595
2022-02-02 00:00:00+05:30,5.57,5.57,5.57,5.57,1239274
2022-02-03 00:00:00+05:30,5.3,5.84,5.3,5.84,5321447
2022-02-04 00:00:00+05:30,5.8,6.13,5.56,6.13,5868495
2022-02-07 00:00:00+05:30,6.39,6.39,5.83,5.83,2731839
2022-02-08 00:00:00+05:30,5.83,5.83,5.54,5.54,1451659
2022-02-09 00:00:00+05:30,5.27,5.27,5.27,5.27,1118798
2022-02-10 00:00:00+05:30,5.05,5.15,5.01,5.01,3257797
2022-02-11 00:00:00+05:30,4.76,5.02,4.76,4.76,3872489
2022-02-14 00:00:00+05:30,4.53,4.53,4.53,4.53,721824
2022-02-15 00:00:00+05:30,4.31,4.31,4.31,4.31,583747
2022-02-16 00:00:00+05:30,4.35,4.52,4.1,4.29,7646979
2022-02-17 00:00:00+05:30,4.08,4.08,4.08,4.08,1604999
2022-02-18 00:00:00+05:30,3.88,3.88,3.88,3.88,819944
2022-02-21 00:00:00+05:30,3.69,3.69,3.69,3.69,1424047
2022-02-22 00:00:00+05:30,3.51,3.51,3.51,3.51,821317
2022-02-23 00:00:00+05:30,3.34,3.68,3.34,3.68,6154527
2022-02-24 00:00:00+05:30,3.5,3.5,3.5,3.5,818931
2022-02-25 00:00:00+05:30,3.35,3.54,3.33,3.33,4148135
2022-02-28 00:00:00+05:30,3.17,3.49,3.17,3.49,4907752
2022-03-02 00:00:00+05:30,3.4,3.64,3.32,3.37,3710632
2022-03-03 00:00:00+05:30,3.53,3.53,3.37,3.53,2388050
2022-03-04 00:00:00+05:30,3.54,3.7,3.36,3.46,2784396
2022-03-07 00:00:00+05:30,3.49,3.58,3.29,3.45,1657920
2022-03-08 00:00:00+05:30,3.4,3.6,3.34,3.55,1534219
2022-03-09 00:00:00+05:30,3.68,3.72,3.5,3.72,3395755
2022-03-10 00:00:00+05:30,3.9,3.9,3.9,3.9,1167379
2022-03-11 00:00:00+05:30,4.09,4.09,4.09,4.09,2042263
2022-03-14 00:00:00+05:30,4.29,4.29,4.09,4.29,5743068
2022-03-15 00:00:00+05:30,4.44,4.5,4.21,4.5,5845681
2022-03-16 00:00:00+05:30,4.59,4.72,4.5,4.72,4251943
2022-03-17 00:00:00+05:30,4.91,4.95,4.73,4.95,3866078
2022-03-21 00:00:00+05:30,5.16,5.16,4.71,4.71,2247537
2022-03-22 00:00:00+05:30,4.48,4.48,4.48,4.48,3996043
2022-03-23 00:00:00+05:30,4.55,4.7,4.26,4.26,2017373
2022-03-24 00:00:00+05:30,4.05,4.44,4.05,4.06,3071238
2022-03-25 00:00:00+05:30,3.92,4.19,3.86,3.86,2293716
2022-03-28 00:00:00+05:30,3.72,3.86,3.67,3.68,2719539
2022-03-29 00:00:00+05:30,3.71,3.86,3.71,3.86,1981386
2022-03-30 00:00:00+05:30,4.05,4.05,3.98,4.05,3097666
2022-03-31 00:00:00+05:30,4.19,4.24,3.89,3.94,4826134
2022-04-01 00:00:00+05:30,3.9,4.1,3.9,4.05,2496258
2022-04-04 00:00:00+05:30,4.13,4.25,3.95,4.01,4048101
2022-04-05 00:00:00+05:30,4.0,4.1,3.92,3.96,4564330
2022-04-06 00:00:00+05:30,3.89,4.15,3.86,4.14,7439983
2022-04-07 00:00:00+05:30,4.2,4.21,4.01,4.04,3773598
2022-04-08 00:00:00+05:30,4.04,4.18,3.91,4.08,1953755
2022-04-11 00:00:00+05:30,4.15,4.15,4.01,4.02,2029382
2022-04-12 00:00:00+05:30,3.99,4.01,3.91,3.94,2600553
2022-04-13 00:00:00+05:30,3.95,4.0,3.9,3.93,2132809
2022-04-18 00:00:00+05:30,3.94,3.94,3.74,3.81,2961110
2022-04-19 00:00:00+05:30,3.81,3.95,3.76,3.81,2601367
2022-04-20 00:00:00+05:30,3.81,3.91,3.68,3.73,2256073
2022-04-21 00:00:00+05:30,3.74,3.81,3.66,3.67,2198066
2022-04-22 00:00:00+05:30,3.62,3.7,3.6,3.66,3206178
2022-04-25 00:00:00+05:30,3.6,3.63,3.49,3.51,4570444
2022-04-26 00:00:00+05:30,3.52,3.54,3.45,3.52,2488661
2022-04-27 00:00:00+05:30,3.49,3.5,3.35,3.36,4197534
2022-04-28 00:00:00+05:30,3.34,3.35,3.2,3.21,5890763
2022-04-29 00:00:00+05:30,3.2,3.25,3.11,3.13,3091385
2022-05-02 00:00:00+05:30,3.15,3.28,3.13,3.28,349360
2022-05-04 00:00:00+05:30,3.44,3.44,3.44,3.44,124038
2022-05-05 00:00:00+05:30,3.61,3.61,3.61,3.61,709778
2022-05-06 00:00:00+05:30,3.64,3.64,3.43,3.43,3916327
2022-05-09 00:00:00+05:30,3.35,3.36,3.26,3.26,3404524
2022-05-10 00:00:00+05:30,3.13,3.24,3.1,3.13,2155480
2022-05-11 00:00:00+05:30,3.13,3.21,2.98,2.99,1477715
2022-05-12 00:00:00+05:30,3.0,3.0,2.85,2.85,819651
2022-05-13 00:00:00+05:30,2.98,2.99,2.79,2.99,2903487
2022-05-16 00:00:00+05:30,3.09,3.13,3.05,3.13,2776315
2022-05-17 00:00:00+05:30,3.21,3.28,3.21,3.28,980381
2022-05-18 00:00:00+05:30,3.44,3.44,3.36,3.44,1728946
2022-05-19 00:00:00+05:30,3.27,3.41,3.27,3.27,2270019
2022-05-20 00:00:00+05:30,3.2,3.35,3.14,3.28,2518454
2022-05-23 00:00:00+05:30,3.39,3.39,3.12,3.13,1643103
2022-05-24 00:00:00+05:30,3.13,3.16,3.0,3.01,1073087
2022-05-25 00:00:00+05:30,2.96,3.08,2.92,2.96,1671051
2022-05-26 00:00:00+05:30,2.95,3.1,2.94,3.01,3634986
2022-05-27 00:00:00+05:30,3.08,3.09,3.01,3.04,1800508
2022-05-30 00:00:00+05:30,3.08,3.19,3.05,3.15,1188993
2022-05-31 00:00:00+05:30,3.21,3.3,3.21,3.3,889241
2022-06-01 00:00:00+05:30,3.39,3.42,3.15,3.23,2571489
2022-06-02 00:00:00+05:30,3.2,3.3,3.11,3.25,2400535
2022-06-03 00:00:00+05:30,3.34,3.34,3.15,3.16,1832305
2022-06-06 00:00:00+05:30,3.06,3.11,3.03,3.07,1683506
2022-06-07 00:00:00+05:30,3.02,3.06,2.98,3.04,1164276
2022-06-08 00:00:00+05:30,3.05,3.06,2.95,3.04,1765474
2022-06-09 00:00:00+05:30,3.04,3.14,2.97,3.03,1913477
2022-06-10 00:00:00+05:30,2.99,3.08,2.95,3.03,1368138
2022-06-13 00:00:00+05:30,3.0,3.0,2.91,2.96,1586613
2022-06-14 00:00:00+05:30,2.95,3.09,2.95,3.03,1768554
2022-06-15 00:00:00+05:30,3.01,3.05,2.95,2.98,1681540
2022-06-16 00:00:00+05:30,2.99,3.06,2.86,2.88,2374208
2022-06-17 00:00:00+05:30,2.9,2.96,2.79,2.81,1034747
2022-06-20 00:00:00+05:30,2.9,2.9,2.67,2.67,2620295
2022-06-21 00:00:00+05:30,2.6,2.7,2.54,2.62,3168459
2022-06-22 00:00:00+05:30,2.58,2.75,2.56,2.75,2986949
2022-06-23 00:00:00+05:30,2.79,2.88,2.75,2.88,1544021
2022-06-24 00:00:00+05:30,2.99,3.02,2.99,3.02,653439
2022-06-27 00:00:00+05:30,3.17,3.17,3.03,3.17,6255286
2022-06-28 00:00:00+05:30,3.19,3.24,3.02,3.08,4433555
2022-06-29 00:00:00+05:30,3.05,3.08,2.95,2.98,1592328
2022-06-30 00:00:00+05:30,2.99,3.12,2.96,2.97,1056514
2022-07-01 00:00:00+05:30,3.0,3.01,2.89,2.93,1143181
2022-07-04 00:00:00+05:30,3.03,3.03,2.91,2.94,1009891
2022-07-05 00:00:00+05:30,3.05,3.05,2.9,2.91,1078367
2022-07-06 00:00:00+05:30,2.92,2.92,2.79,2.86,1868199
2022-07-07 00:00:00+05:30,2.83,2.95,2.83,2.93,1345315
2022-07-08 00:00:00+05:30,3.0,3.0,2.87,2.91,863614
2022-07-11 00:00:00+05:30,2.91,2.91,2.85,2.87,1030442
2022-07-12 00:00:00+05:30,2.87,3.0,2.85,2.92,1306282
2022-07-13 00:00:00+05:30,3.0,3.02,2.95,2.99,915768
2022-07-14 00:00:00+05:30,3.02,3.02,2.89,2.91,1344178
2022-07-15 00:00:00+05:30,2.94,2.94,2.85,2.86,1258820
2022-07-18 00:00:00+05:30,2.85,2.9,2.81,2.87,1412932
2022-07-19 00:00:00+05:30,2.94,2.94,2.87,2.91,1141482
2022-07-20 00:00:00+05:30,2.95,2.95,2.87,2.89,1540116
2022-07-21 00:00:00+05:30,2.9,2.9,2.85,2.86,1310358
2022-07-22 00:00:00+05:30,2.86,2.89,2.82,2.84,1756923
2022-07-25 00:00:00+05:30,2.85,2.85,2.75,2.75,2003373
2022-07-26 00:00:00+05:30,2.75,2.76,2.7,2.72,1523972
2022-07-27 00:00:00+05:30,2.66,2.7,2.64,2.66,1242282
2022-07-28 00:00:00+05:30,2.61,2.76,2.61,2.68,1884279
2022-07-29 00:00:00+05:30,2.74,2.77,2.7,2.72,1694081
2022-08-01 00:00:00+05:30,2.79,2.81,2.7,2.79,1862552
2022-08-02 00:00:00+05:30,2.81,2.81,2.75,2.78,1385633
2022-08-03 00:00:00+05:30,2.77,2.78,2.72,2.74,1991199
2022-08-04 00:00:00+05:30,2.73,2.79,2.71,2.72,1830945
2022-08-05 00:00:00+05:30,2.72,2.76,2.67,2.72,2411487
2022-08-08 00:00:00+05:30,2.75,2.78,2.73,2.74,933544
2022-08-10 00:00:00+05:30,2.75,2.78,2.63,2.67,2403193
2022-08-11 00:00:00+05:30,2.67,2.76,2.65,2.68,1432196
2022-08-12 00:00:00+05:30,2.7,2.94,2.66,2.94,4028174
2022-08-16 00:00:00+05:30,3.15,3.23,3.04,3.23,7461925
2022-08-17 00:00:00+05:30,3.32,3.55,3.25,3.55,8689512
2022-08-18 00:00:00+05:30,3.58,3.68,3.38,3.38,6666685
2022-08-19 00:00:00+05:30,3.22,3.34,3.22,3.22,325761
2022-08-22 00:00:00+05:30,3.06,3.38,3.06,3.38,6443279
2022-08-23 00:00:00+05:30,3.39,3.51,3.22,3.22,8696768
2022-08-24 00:00:00+05:30,3.2,3.38,3.14,3.25,4183970
2022-08-25 00:00:00+05:30,3.25,3.33,3.25,3.28,1458504
2022-08-26 00:00:00+05:30,3.28,3.4,3.28,3.32,1863294
2022-08-29 00:00:00+05:30,3.2,3.24,3.16,3.16,2364862
2022-08-30 00:00:00+05:30,3.12,3.24,3.12,3.21,1805284
2022-09-01 00:00:00+05:30,3.15,3.24,3.05,3.11,2767149
2022-09-02 00:00:00+05:30,3.09,3.09,3.0,3.01,2998148
2022-09-05 00:00:00+05:30,3.01,3.16,3.01,3.16,2466309
2022-09-06 00:00:00+05:30,3.22,3.29,3.17,3.23,2878909
2022-09-07 00:00:00+05:30,3.21,3.26,3.19,3.24,1195777
2022-09-08 00:00:00+05:30,3.24,3.4,3.24,3.4,4248013
2022-09-09 00:00:00+05:30,3.45,3.57,3.3,3.38,6853281
2022-09-12 00:00:00+05:30,3.37,3.39,3.22,3.26,2539320
2022-09-13 00:00:00+05:30,3.25,3.3,3.17,3.21,2637343
2022-09-14 00:00:00+05:30,3.12,3.19,3.08,3.17,1730430
2022-09-15 00:00:00+05:30,3.15,3.2,3.14,3.18,1919430
2022-09-16 00:00:00+05:30,3.15,3.19,3.06,3.08,2038280
2022-09-19 00:00:00+05:30,3.06,3.15,3.06,3.08,1345137
2022-09-20 00:00:00+05:30,3.05,3.11,3.05,3.06,1258463
2022-09-21 00:00:00+05:30,3.03,3.05,2.95,2.98,2321102
2022-09-22 00:00:00+05:30,2.95,3.12,2.94,3.06,3716116
2022-09-23 00:00:00+05:30,3.08,3.1,2.95,2.96,1890827
2022-09-26 00:00:00+05:30,2.92,2.94,2.82,2.83,3066377
2022-09-27 00:00:00+05:30,2.81,2.91,2.81,2.85,1161046
2022-09-28 00:00:00+05:30,2.85,2.85,2.8,2.81,1095234
2022-09-29 00:00:00+05:30,2.82,2.89,2.81,2.83,1914680
2022-09-30 00:00:00+05:30,2.83,2.88,2.69,2.7,5020433
2022-10-03 00:00:00+05:30,2.71,2.82,2.7,2.78,1634821
2022-10-04 00:00:00+05:30,2.78,2.91,2.78,2.91,3431498
2022-10-06 00:00:00+05:30,2.93,3.01,2.9,2.92,4897795
2022-10-07 00:00:00+05:30,2.92,2.99,2.85,2.86,1771082
2022-10-10 00:00:00+05:30,2.8,2.95,2.68,2.85,2546869
2022-10-11 00:00:00+05:30,2.85,2.99,2.82,2.87,1402858
2022-10-12 00:00:00+05:30,2.93,2.93,2.8,2.83,643398
2022-10-13 00:00:00+05:30,2.83,2.86,2.77,2.8,873081
2022-10-14 00:00:00+05:30,2.81,2.88,2.8,2.82,1136988
2022-10-17 00:00:00+05:30,2.78,2.85,2.76,2.77,1067881
2022-10-18 00:00:00+05:30,2.78,2.82,2.76,2.77,851762
2022-10-19 00:00:00+05:30,2.75,2.85,2.75,2.76,1146775
2022-10-20 00:00:00+05:30,2.75,2.79,2.7,2.71,1311458
2022-10-21 00:00:00+05:30,2.71,2.8,2.44,2.53,5511821
2022-10-24 00:00:00+05:30,2.54,2.75,2.54,2.73,954207
2022-10-25 00:00:00+05:30,2.74,2.84,2.69,2.77,1172908
2022-10-27 00:00:00+05:30,2.76,2.76,2.67,2.69,1491371
2022-10-28 00:00:00+05:30,2.74,2.74,2.65,2.66,1068958
2022-10-31 00:00:00+05:30,2.67,2.73,2.66,2.68,1090818
2022-11-01 00:00:00+05:30,2.71,2.71,2.64,2.67,937767
2022-11-02 00:00:00+05:30,2.7,2.7,2.6,2.66,1481863
2022-11-03 00:00:00+05:30,2.62,2.68,2.62,2.65,572856
2022-11-04 00:00:00+05:30,2.62,2.67,2.59,2.63,1255405
2022-11-07 00:00:00+05:30,2.65,2.68,2.64,2.66,912536
2022-11-09 00:00:00+05:30,2.65,2.7,2.65,2.68,1160005
2022-11-10 00:00:00+05:30,2.7,2.7,2.62,2.65,1182879
2022-11-11 00:00:00+05:30,2.68,2.7,2.63,2.66,964836
2022-11-14 00:00:00+05:30,2.65,2.76,2.65,2.72,1589324
2022-11-15 00:00:00+05:30,2.85,2.99,2.8,2.99,6110040
2022-11-16 00:00:00+05:30,3.18,3.28,3.06,3.22,14769554
2022-11-17 00:00:00+05:30,3.34,3.34,2.91,2.92,8382247
2022-11-18 00:00:00+05:30,2.91,2.99,2.9,2.92,2700899
2022-11-21 00:00:00+05:30,2.9,2.94,2.79,2.82,1795679
2022-11-22 00:00:00+05:30,2.76,2.84,2.76,2.82,966641
2022-11-23 00:00:00+05:30,2.81,2.85,2.72,2.77,2363073
2022-11-24 00:00:00+05:30,2.75,2.79,2.54,2.65,4639053
2022-11-25 00:00:00+05:30,2.64,2.91,2.62,2.91,4074774
2022-11-28 00:00:00+05:30,3.01,3.1,2.62,2.9,4333389
2022-11-29 00:00:00+05:30,2.9,2.95,2.81,2.84,2834807
2022-11-30 00:00:00+05:30,2.84,2.93,2.82,2.88,1617298
2022-12-01 00:00:00+05:30,2.87,3.04,2.85,2.98,5104871
2022-12-02 00:00:00+05:30,2.94,3.05,2.94,3.03,2171315
2022-12-05 00:00:00+05:30,3.01,3.05,2.9,2.97,2271461
2022-12-06 00:00:00+05:30,2.96,3.15,2.9,3.11,4519593
2022-12-07 00:00:00+05:30,3.15,3.25,3.05,3.07,2956278
2022-12-08 00:00:00+05:30,3.12,3.13,3.01,3.03,2094985
2022-12-09 00:00:00+05:30,3.08,3.08,2.93,2.98,2043413
2022-12-12 00:00:00+05:30,3.0,3.0,2.86,2.91,1995397
2022-12-13 00:00:00+05:30,2.93,3.04,2.93,2.96,1844238
2022-12-14 00:00:00+05:30,2.96,3.01,2.9,2.93,2428775
2022-12-15 00:00:00+05:30,2.96,2.98,2.86,2.88,2347050
2022-12-16 00:00:00+05:30,2.88,2.97,2.87,2.93,2190624
2022-12-19 00:00:00+05:30,2.93,2.96,2.9,2.92,1712635
2022-12-20 00:00:00+05:30,2.94,2.96,2.83,2.89,1643339
2022-12-21 00:00:00+05:30,2.89,2.94,2.78,2.81,2180151
2022-12-22 00:00:00+05:30,2.8,2.85,2.65,2.7,3177136
2022-12-23 00:00:00+05:30,2.6,2.65,2.5,2.53,3888504
2022-12-26 00:00:00+05:30,2.42,2.85,2.42,2.79,3241808
2022-12-27 00:00:00+05:30,2.82,2.86,2.71,2.77,1269466
2022-12-28 00:00:00+05:30,2.77,2.86,2.72,2.77,1387318
2022-12-29 00:00:00+05:30,2.76,2.79,2.72,2.76,1227607
2022-12-30 00:00:00+05:30,2.8,2.82,2.76,2.79,1462214
2023-01-02 00:00:00+05:30,2.79,2.83,2.77,2.8,1460395
2023-01-03 00:00:00+05:30,2.8,2.85,2.78,2.84,891932
2023-01-04 00:00:00+05:30,2.8,2.88,2.76,2.83,1832931
2023-01-05 00:00:00+05:30,2.86,2.86,2.77,2.82,985090
2023-01-06 00:00:00+05:30,2.8,2.83,2.75,2.77,1377711
2023-01-09 00:00:00+05:30,2.77,2.8,2.74,2.76,787792
2023-01-10 00:00:00+05:30,2.73,2.79,2.7,2.72,1780332
2023-01-11 00:00:00+05:30,2.7,2.76,2.69,2.7,1046042
2023-01-12 00:00:00+05:30,2.71,2.75,2.66,2.69,1088972
2023-01-13 00:00:00+05:30,2.7,2.73,2.68,2.71,824070
2023-01-16 00:00:00+05:30,2.68,2.75,2.67,2.69,1079886
2023-01-17 00:00:00+05:30,2.73,2.73,2.4,2.66,973246
2023-01-18 00:00:00+05:30,2.67,2.68,2.65,2.68,547343
2023-01-19 00:00:00+05:30,2.65,2.68,2.65,2.67,1016152
2023-01-20 00:00:00+05:30,2.67,2.7,2.65,2.66,1083672
2023-01-23 00:00:00+05:30,2.68,2.69,2.6,2.62,1087911
2023-01-24 00:00:00+05:30,2.59,2.64,2.59,2.63,877219
2023-01-25 00:00:00+05:30,2.63,2.71,2.6,2.61,1304048
2023-01-27 00:00:00+05:30,2.61,2.62,2.52,2.54,1988104
2023-01-30 00:00:00+05:30,2.54,2.56,2.4,2.5,1559215
2023-01-31 00:00:00+05:30,2.46,2.6,2.46,2.55,916464
2023-02-01 00:00:00+05:30,2.58,2.78,2.52,2.59,2369126
2023-02-02 00:00:00+05:30,2.61,2.65,2.55,2.56,902073
2023-02-03 00:00:00+05:30,2.58,2.59,2.45,2.5,2332940
2023-02-06 00:00:00+05:30,2.5,2.57,2.45,2.51,1812104
2023-02-07 00:00:00+05:30,2.48,2.57,2.46,2.5,2315835
2023-02-08 00:00:00+05:30,2.5,2.53,2.45,2.47,1669552
2023-02-09 00:00:00+05:30,2.45,2.49,2.43,2.47,1644956
2023-02-10 00:00:00+05:30,2.47,2.49,2.45,2.47,1004998
2023-02-13 00:00:00+05:30,2.49,2.5,2.45,2.45,1213292
2023-02-14 00:00:00+05:30,2.58,2.82,2.54,2.63,4994082
2023-02-15 00:00:00+05:30,2.63,2.66,2.54,2.57,1458155
2023-02-16 00:00:00+05:30,2.57,2.64,2.55,2.56,2227054
2023-02-17 00:00:00+05:30,2.55,2.55,2.5,2.52,1132765
2023-02-20 00:00:00+05:30,2.52,2.54,2.44,2.49,983351
2023-02-21 00:00:00+05:30,2.46,2.49,2.45,2.48,1253082
2023-02-22 00:00:00+05:30,2.46,2.49,2.42,2.45,1871040
2023-02-23 00:00:00+05:30,2.59,2.59,2.45,2.46,1390705
2023-02-24 00:00:00+05:30,2.46,2.48,2.42,2.43,1096093
2023-02-27 00:00:00+05:30,2.45,2.46,2.34,2.36,1470561
2023-02-28 00:00:00+05:30,2.35,2.43,2.3,2.32,1065141
2023-03-01 00:00:00+05:30,2.33,2.51,2.33,2.49,1966590
2023-03-02 00:00:00+05:30,2.47,2.49,2.41,2.42,1513131
2023-03-03 00:00:00+05:30,2.42,2.44,2.36,2.39,1167585
2023-03-06 00:00:00+05:30,2.39,2.43,2.32,2.34,2854111
2023-03-08 00:00:00+05:30,2.3,2.38,2.3,2.37,824558
2023-03-09 00:00:00+05:30,2.36,2.39,2.34,2.36,1077173
2023-03-10 00:00:00+05:30,2.36,2.36,2.31,2.32,1632096
2023-03-13 00:00:00+05:30,2.3,2.35,2.24,2.28,1953420
2023-03-14 00:00:00+05:30,2.26,2.31,2.12,2.19,1934171
2023-03-15 00:00:00+05:30,2.2,2.23,2.14,2.16,1138163
2023-03-16 00:00:00+05:30,2.16,2.18,2.1,2.11,1318692
2023-03-17 00:00:00+05:30,2.12,2.15,2.1,2.11,665091
2023-03-20 00:00:00+05:30,2.1,2.14,1.97,2.03,2590593
2023-03-21 00:00:00+05:30,2.0,2.35,2.0,2.28,2982226
2023-03-22 00:00:00+05:30,2.29,2.4,2.02,2.07,3386431
2023-03-23 00:00:00+05:30,2.07,2.18,2.02,2.09,1836890
2023-03-24 00:00:00+05:30,2.06,2.14,2.0,2.02,1495080
2023-03-27 00:00:00+05:30,2.01,2.05,1.95,1.97,2153934
2023-03-28 00:00:00+05:30,1.96,2.0,1.85,1.86,2433991
2023-03-29 00:00:00+05:30,1.86,1.94,1.85,1.87,1971691
2023-03-31 00:00:00+05:30,1.86,2.04,1.84,2.01,1984182
2023-04-03 00:00:00+05:30,2.01,2.24,2.01,2.2,2992247
2023-04-05 00:00:00+05:30,2.2,2.31,2.2,2.23,2269681
2023-04-06 00:00:00+05:30,2.28,2.28,2.16,2.17,1149565
2023-04-10 00:00:00+05:30,2.19,2.21,2.11,2.14,678316
2023-04-11 00:00:00+05:30,2.15,2.18,2.12,2.15,993297
2023-04-12 00:00:00+05:30,2.18,2.2,2.14,2.17,777246
2023-04-13 00:00:00+05:30,2.24,2.24,2.14,2.17,524207
2023-04-17 00:00:00+05:30,2.18,2.22,2.05,2.17,1281128
2023-04-18 00:00:00+05:30,2.17,2.19,2.11,2.13,1028764
2023-04-19 00:00:00+05:30,2.13,2.15,2.11,2.12,340280
2023-04-20 00:00:00+05:30,2.12,2.14,2.11,2.12,870021
2023-04-21 00:00:00+05:30,2.11,2.16,2.11,2.13,408461
2023-04-24 00:00:00+05:30,2.11,2.15,2.1,2.11,445689
2023-04-25 00:00:00+05:30,2.11,2.12,2.08,2.09,934928
2023-04-26 00:00:00+05:30,2.12,2.13,2.06,2.12,1562376
2023-04-27 00:00:00+05:30,2.1,2.13,2.08,2.12,905783
2023-04-28 00:00:00+05:30,2.11,2.13,2.09,2.11,973872
2023-05-02 00:00:00+05:30,2.11,2.13,2.09,2.11,1021917
2023-05-03 00:00:00+05:30,2.1,2.26,2.07,2.2,4214244
2023-05-04 00:00:00+05:30,2.25,2.28,2.2,2.23,1866082
2023-05-05 00:00:00+05:30,2.23,2.65,2.22,2.48,10454917
2023-05-08 00:00:00+05:30,2.48,2.54,2.37,2.4,3282116
2023-05-09 00:00:00+05:30,2.41,2.41,2.17,2.23,3239786
2023-05-10 00:00:00+05:30,2.21,2.28,2.19,2.21,982951
2023-05-11 00:00:00+05:30,2.24,2.26,2.18,2.19,1010716
2023-05-12 00:00:00+05:30,2.19,2.31,2.19,2.26,2132945
2023-05-15 00:00:00+05:30,2.22,2.25,2.15,2.17,1629221
2023-05-16 00:00:00+05:30,2.18,2.25,2.18,2.22,556484
2023-05-17 00:00:00+05:30,2.21,2.25,2.17,2.21,1232541
2023-05-18 00:00:00+05:30,2.2,2.24,2.17,2.19,1207320
2023-05-19 00:00:00+05:30,2.2,2.24,2.15,2.17,1091079
2023-05-22 00:00:00+05:30,2.15,2.19,2.13,2.15,2429886
2023-05-23 00:00:00+05:30,2.13,2.17,2.11,2.12,1628298
2023-05-24 00:00:00+05:30,2.15,2.35,2.11,2.22,1253718
2023-05-25 00:00:00+05:30,2.25,2.26,2.18,2.19,1024462
2023-05-26 00:00:00+05:30,2.2,2.25,2.2,2.22,1460160
2023-05-29 00:00:00+05:30,2.24,2.3,2.23,2.27,2075892
2023-05-30 00:00:00+05:30,2.25,2.3,2.16,2.18,1797529
2023-05-31 00:00:00+05:30,2.15,2.23,2.15,2.16,1716537
2023-06-01 00:00:00+05:30,2.16,2.19,2.15,2.17,1306376
2023-06-02 00:00:00+05:30,2.17,2.19,2.09,2.16,1198079
2023-06-05 00:00:00+05:30,2.18,2.19,2.12,2.15,1391860
2023-06-06 00:00:00+05:30,2.15,2.17,2.14,2.16,1131541
2023-06-07 00:00:00+05:30,2.17,2.18,2.14,2.16,1631063
2023-06-08 00:00:00+05:30,2.16,2.4,2.15,2.31,5863327
2023-06-09 00:00:00+05:30,2.31,2.4,2.23,2.25,2093896
2023-06-12 00:00:00+05:30,2.25,2.29,2.21,2.23,1791651
2023-06-13 00:00:00+05:30,2.24,2.29,2.21,2.23,1034244
2023-06-14 00:00:00+05:30,2.23,2.27,2.23,2.24,808767
2023-06-15 00:00:00+05:30,2.26,2.27,2.21,2.22,2048209
2023-06-16 00:00:00+05:30,2.22,2.27,2.22,2.23,1514348
2023-06-19 00:00:00+05:30,2.24,2.26,2.21,2.22,525186
2023-06-20 00:00:00+05:30,2.23,2.23,2.1,2.17,2069258
2023-06-21 00:00:00+05:30,2.16,2.24,2.16,2.21,1356455
2023-06-22 00:00:00+05:30,2.21,2.23,2.1,2.2,1992132
2023-06-23 00:00:00+05:30,2.19,2.21,2.17,2.18,1074235
2023-06-26 00:00:00+05:30,2.18,2.21,2.15,2.16,1000336
2023-06-27 00:00:00+05:30,2.16,2.18,2.13,2.14,1065562
2023-06-28 00:00:00+05:30,2.16,2.16,2.12,2.14,593125
2023-06-30 00:00:00+05:30,2.14,2.16,2.1,2.14,1365481
2023-07-03 00:00:00+05:30,2.13,2.16,2.1,2.15,1538552
2023-07-04 00:00:00+05:30,2.14,2.17,2.12,2.17,1347521
2023-07-05 00:00:00+05:30,2.16,2.18,2.15,2.16,1299559
2023-07-06 00:00:00+05:30,2.17,2.17,2.12,2.14,1089187
2023-07-07 00:00:00+05:30,2.16,2.16,2.12,2.13,810817
2023-07-10 00:00:00+05:30,2.14,2.15,2.11,2.12,698465
2023-07-11 00:00:00+05:30,2.12,2.14,2.1,2.11,1034891
2023-07-12 00:00:00+05:30,2.12,2.18,2.08,2.16,3534382
2023-07-13 00:00:00+05:30,2.15,2.18,2.14,2.15,1296068
2023-07-14 00:00:00+05:30,2.15,2.43,2.15,2.37,8839174
2023-07-17 00:00:00+05:30,2.44,2.84,2.4,2.84,19145682
2023-07-18 00:00:00+05:30,2.91,3.07,2.6,2.65,8106377
2023-07-19 00:00:00+05:30,2.66,2.7,2.25,2.33,8116023
2023-07-20 00:00:00+05:30,2.33,2.5,2.33,2.43,2896915
2023-07-21 00:00:00+05:30,2.43,2.44,2.35,2.37,685113
2023-07-24 00:00:00+05:30,2.38,2.41,2.26,2.27,1494585
2023-07-25 00:00:00+05:30,2.27,2.38,2.25,2.28,1679498
2023-07-26 00:00:00+05:30,2.25,2.28,2.21,2.27,876647
2023-07-27 00:00:00+05:30,2.25,2.35,2.25,2.33,2716890
2023-07-28 00:00:00+05:30,2.29,2.36,2.25,2.26,1483258
2023-07-31 00:00:00+05:30,2.26,2.28,2.25,2.27,1166001
2023-08-01 00:00:00+05:30,2.28,2.29,2.25,2.26,1704724
2023-08-02 00:00:00+05:30,2.26,2.33,2.24,2.27,2198970
2023-08-03 00:00:00+05:30,2.24,2.27,2.24,2.27,1750185
2023-08-04 00:00:00+05:30,2.27,2.39,2.27,2.32,2934502
2023-08-07 00:00:00+05:30,2.35,2.75,2.35,2.59,6407478
2023-08-08 00:00:00+05:30,2.85,2.85,2.5,2.52,2314219
2023-08-09 00:00:00+05:30,2.63,2.86,2.46,2.49,8378140
2023-08-10 00:00:00+05:30,2.5,2.58,2.37,2.42,3452464
2023-08-11 00:00:00+05:30,2.42,2.49,2.25,2.35,3782575
2023-08-14 00:00:00+05:30,2.39,2.4,2.33,2.39,1556781
2023-08-16 00:00:00+05:30,2.4,2.44,2.27,2.32,1715478
2023-08-17 00:00:00+05:30,2.33,2.34,2.31,2.32,910966
2023-08-18 00:00:00+05:30,2.33,2.37,2.31,2.32,2305949
2023-08-21 00:00:00+05:30,2.33,2.41,2.27,2.34,2107394
2023-08-22 00:00:00+05:30,2.35,2.44,2.31,2.42,3675183
2023-08-23 00:00:00+05:30,2.42,2.45,2.21,2.32,5517682
2023-08-24 00:00:00+05:30,2.32,2.35,2.3,2.33,1552357
2023-08-25 00:00:00+05:30,2.36,2.36,2.27,2.31,2075220
2023-08-28 00:00:00+05:30,2.34,2.35,2.3,2.32,1804772
2023-08-29 00:00:00+05:30,2.33,2.43,2.32,2.34,3264833
2023-08-30 00:00:00+05:30,2.37,2.38,2.35,2.36,1652077
2023-08-31 00:00:00+05:30,2.37,2.38,2.32,2.32,1366141
2023-09-01 00:00:00+05:30,2.36,2.37,2.32,2.33,1324111
2023-09-04 00:00:00+05:30,2.34,2.78,2.33,2.43,17036423
2023-09-05 00:00:00+05:30,2.48,2.57,2.41,2.44,4911517
2023-09-06 00:00:00+05:30,2.46,2.49,2.42,2.43,1972610
2023-09-07 00:00:00+05:30,2.45,2.5,2.43,2.48,2074627
2023-09-08 00:00:00+05:30,2.49,2.56,2.46,2.49,3249233
2023-09-11 00:00:00+05:30,2.53,2.98,2.53,2.95,18090033
2023-09-12 00:00:00+05:30,2.94,2.94,2.48,2.63,9487350
2023-09-13 00:00:00+05:30,2.65,2.74,2.55,2.65,1895750
2023-09-14 00:00:00+05:30,2.69,2.74,2.66,2.7,3926455
2023-09-15 00:00:00+05:30,2.73,2.89,2.7,2.78,6527630
2023-09-18 00:00:00+05:30,2.8,2.89,2.78,2.87,4250149
2023-09-20 00:00:00+05:30,2.87,2.88,2.75,2.76,5184967
2023-09-21 00:00:00+05:30,2.78,2.79,2.66,2.7,5530645
2023-09-22 00:00:00+05:30,2.7,2.75,2.6,2.66,3769723
2023-09-25 00:00:00+05:30,2.64,2.69,2.63,2.66,1774576
2023-09-26 00:00:00+05:30,2.67,2.69,2.6,2.61,2812831
2023-09-27 00:00:00+05:30,2.61,2.65,2.59,2.63,2074923
2023-09-28 00:00:00+05:30,2.64,2.65,2.55,2.57,2318348
2023-09-29 00:00:00+05:30,2.56,2.59,2.52,2.57,2250854
2023-10-03 00:00:00+05:30,2.59,2.59,2.5,2.52,2900962
2023-10-04 00:00:00+05:30,2.52,2.68,2.49,2.66,2915015
2023-10-05 00:00:00+05:30,2.69,2.78,2.65,2.68,4348507
2023-10-06 00:00:00+05:30,2.68,3.19,2.66,3.03,19067435
2023-10-09 00:00:00+05:30,2.99,2.99,2.72,2.75,10277538
2023-10-10 00:00:00+05:30,2.79,2.94,2.77,2.92,9359536
2023-10-11 00:00:00+05:30,2.97,3.07,2.91,2.93,7882567
2023-10-12 00:00:00+05:30,2.93,2.94,2.8,2.82,5305943
2023-10-13 00:00:00+05:30,2.78,2.83,2.76,2.77,5306887
2023-10-16 00:00:00+05:30,2.78,2.8,2.73,2.78,4274939
2023-10-17 00:00:00+05:30,2.78,2.84,2.75,2.77,4179443
2023-10-18 00:00:00+05:30,2.79,2.83,2.76,2.77,2308708
2023-10-19 00:00:00+05:30,2.78,2.79,2.73,2.77,3231410
2023-10-20 00:00:00+05:30,2.76,2.9,2.75,2.77,4990595
2023-10-23 00:00:00+05:30,2.77,2.78,2.62,2.64,4033033
2023-10-25 00:00:00+05:30,2.65,2.74,2.57,2.6,3093989
2023-10-26 00:00:00+05:30,2.62,2.62,2.41,2.53,3591331
2023-10-27 00:00:00+05:30,2.57,2.73,2.57,2.63,3904422
2023-10-30 00:00:00+05:30,2.68,2.7,2.6,2.62,2800722
2023-10-31 00:00:00+05:30,2.64,2.71,2.61,2.65,5471489
2023-11-01 00:00:00+05:30,2.65,2.69,2.61,2.63,5303222
2023-11-02 00:00:00+05:30,2.65,2.7,2.65,2.68,2488701
2023-11-03 00:00:00+05:30,2.62,2.86,2.62,2.74,3610655
2023-11-06 00:00:00+05:30,2.78,3.07,2.78,2.88,11854231
2023-11-07 00:00:00+05:30,2.95,3.45,2.92,3.32,39848912
2023-11-08 00:00:00+05:30,3.16,3.2,2.94,2.98,10655299
2023-11-09 00:00:00+05:30,2.97,3.0,2.85,2.89,5719573
2023-11-10 00:00:00+05:30,2.93,2.94,2.86,2.92,3519644
2023-11-12 00:00:00+05:30,2.93,2.99,2.88,2.94,1792377
2023-11-13 00:00:00+05:30,2.93,2.95,2.82,2.87,3097614
2023-11-15 00:00:00+05:30,2.89,2.93,2.8,2.82,7731103
2023-11-16 00:00:00+05:30,2.82,2.9,2.8,2.87,5981964
2023-11-17 00:00:00+05:30,2.88,2.94,2.85,2.87,3874628
2023-11-20 00:00:00+05:30,2.9,2.93,2.86,2.88,5101607
2023-11-21 00:00:00+05:30,2.9,2.91,2.81,2.83,5862148
2023-11-22 00:00:00+05:30,2.82,2.84,2.77,2.82,2720093
2023-11-23 00:00:00+05:30,2.78,2.83,2.78,2.82,2667417
2023-11-24 00:00:00+05:30,2.83,2.88,2.83,2.83,3421062
2023-11-28 00:00:00+05:30,2.83,2.85,2.81,2.83,2526577
2023-11-29 00:00:00+05:30,2.84,2.99,2.8,2.89,10634751
2023-11-30 00:00:00+05:30,2.89,3.09,2.88,2.94,8110449
2023-12-01 00:00:00+05:30,2.96,2.99,2.92,2.94,5535157
2023-12-04 00:00:00+05:30,3.03,3.09,2.95,3.01,5195267
2023-12-05 00:00:00+05:30,3.05,3.06,2.94,2.98,6011010
2023-12-06 00:00:00+05:30,2.98,3.33,2.91,3.09,23543642
2023-12-07 00:00:00+05:30,3.14,3.2,3.12,3.19,5883717
2023-12-08 00:00:00+05:30,3.25,3.82,3.22,3.81,35136411
2023-12-11 00:00:00+05:30,4.04,4.57,4.04,4.57,16012517
2023-12-12 00:00:00+05:30,4.9,5.02,4.15,4.22,50569290
2023-12-13 00:00:00+05:30,4.3,4.64,4.25,4.64,21566020
2023-12-14 00:00:00+05:30,4.8,5.0,4.6,4.75,19716884
2023-12-15 00:00:00+05:30,4.86,5.0,4.33,4.54,17211184
2023-12-18 00:00:00+05:30,4.61,4.73,4.51,4.57,4413420
2023-12-19 00:00:00+05:30,4.62,4.62,4.41,4.42,5599756
2023-12-20 00:00:00+05:30,4.43,4.45,3.98,3.98,10648456
2023-12-21 00:00:00+05:30,3.81,4.37,3.69,4.35,8282025
2023-12-22 00:00:00+05:30,4.39,4.43,4.07,4.24,9102515
2023-12-26 00:00:00+05:30,4.29,4.29,4.11,4.13,1988776
2023-12-27 00:00:00+05:30,4.13,4.25,4.09,4.13,3628268
2023-12-28 00:00:00+05:30,4.13,4.49,4.06,4.3,7832372
2023-12-29 00:00:00+05:30,4.29,4.45,4.1,4.12,4003513
2024-01-01 00:00:00+05:30,4.15,4.4,4.15,4.27,4409363
2024-01-02 00:00:00+05:30,4.27,4.43,4.15,4.22,6607706
2024-01-03 00:00:00+05:30,4.25,4.35,4.25,4.28,2335573
2024-01-04 00:00:00+05:30,4.32,4.7,4.28,4.6,18253399
2024-01-05 00:00:00+05:30,4.68,4.83,4.51,4.54,5806214
2024-01-08 00:00:00+05:30,4.63,4.68,4.52,4.56,4973257
2024-01-09 00:00:00+05:30,4.65,4.65,4.51,4.53,4398125
2024-01-10 00:00:00+05:30,4.59,4.6,4.41,4.46,2941013
2024-01-11 00:00:00+05:30,4.5,4.54,4.44,4.46,2852283
2024-01-12 00:00:00+05:30,4.51,4.9,4.46,4.9,28149529
2024-01-15 00:00:00+05:30,5.22,5.39,5.0,5.39,43619104
2024-01-16 00:00:00+05:30,5.48,5.6,4.91,5.1,20075980
2024-01-17 00:00:00+05:30,5.0,5.26,4.84,5.09,10877086
2024-01-18 00:00:00+05:30,5.05,5.25,4.76,5.12,6621939
2024-01-19 00:00:00+05:30,5.2,5.27,5.0,5.04,4340805
2024-01-20 00:00:00+05:30,5.05,5.18,4.97,5.01,5967744
2024-01-23 00:00:00+05:30,5.01,5.14,4.8,4.83,9818003
2024-01-24 00:00:00+05:30,4.86,4.94,4.8,4.85,3241135
2024-01-25 00:00:00+05:30,4.86,4.9,4.8,4.82,2929223
2024-01-29 00:00:00+05:30,4.84,5.06,4.84,5.02,7973684
2024-01-30 00:00:00+05:30,5.08,5.09,4.89,4.92,4480621
2024-01-31 00:00:00+05:30,4.92,5.4,4.91,5.31,20639027
2024-02-01 00:00:00+05:30,5.42,5.84,5.41,5.84,23469439
2024-02-02 00:00:00+05:30,5.99,6.42,5.96,6.42,23125642
2024-02-05 00:00:00+05:30,6.55,6.69,6.1,6.1,8566756
2024-02-06 00:00:00+05:30,5.83,6.4,5.8,6.27,35214366
2024-02-07 00:00:00+05:30,6.32,6.47,6.18,6.26,10258513
2024-02-08 00:00:00+05:30,6.35,6.45,6.05,6.16,10312128
2024-02-09 00:00:00+05:30,6.09,6.22,5.86,6.04,8774958
2024-02-12 00:00:00+05:30,5.98,6.0,5.74,5.74,3702616
2024-02-13 00:00:00+05:30,5.51,5.63,5.46,5.46,2797338
2024-02-14 00:00:00+05:30,5.19,5.73,5.19,5.69,14066575
2024-02-15 00:00:00+05:30,5.7,5.73,5.55,5.56,2138645
2024-02-16 00:00:00+05:30,5.57,5.62,5.4,5.45,2723396
2024-02-19 00:00:00+05:30,5.46,5.72,5.46,5.66,7834028
2024-02-20 00:00:00+05:30,5.68,5.69,5.51,5.52,2588469
2024-02-21 00:00:00+05:30,5.5,5.58,5.41,5.43,4514477
2024-02-22 00:00:00+05:30,5.42,5.46,5.26,5.28,3426550
2024-02-23 00:00:00+05:30,5.3,5.33,5.16,5.17,3645159
2024-02-26 00:00:00+05:30,5.17,5.17,4.92,4.92,3489204
2024-02-27 00:00:00+05:30,4.92,5.16,4.92,5.16,3547397
2024-02-28 00:00:00+05:30,5.22,5.27,4.91,4.92,8108071
2024-02-29 00:00:00+05:30,4.85,4.89,4.68,4.78,4532404
2024-03-01 00:00:00+05:30,4.87,4.98,4.81,4.94,2826034
2024-03-02 00:00:00+05:30,5.03,5.06,4.97,5.02,469642
2024-03-04 00:00:00+05:30,5.02,5.06,4.84,4.86,2492358
2024-03-05 00:00:00+05:30,4.85,4.91,4.65,4.72,2802251
2024-03-06 00:00:00+05:30,4.67,4.69,4.49,4.49,3797569
2024-03-07 00:00:00+05:30,4.42,4.71,4.39,4.71,4115749
2024-03-11 00:00:00+05:30,4.78,4.81,4.5,4.52,3674157
2024-03-12 00:00:00+05:30,4.48,4.51,4.3,4.3,2368089
2024-03-13 00:00:00+05:30,4.23,4.26,4.09,4.09,2973019
2024-03-14 00:00:00+05:30,3.92,4.09,3.89,3.95,6383264
2024-03-15 00:00:00+05:30,3.95,4.11,3.85,3.93,3084151
2024-03-18 00:00:00+05:30,3.97,4.1,3.96,4.02,1596372
2024-03-19 00:00:00+05:30,4.02,4.02,3.84,3.86,2653210
2024-03-20 00:00:00+05:30,3.85,3.91,3.71,3.74,2447880
2024-03-21 00:00:00+05:30,3.78,3.91,3.78,3.84,2156358
2024-03-22 00:00:00+05:30,3.87,3.87,3.7,3.72,5481666
2024-03-26 00:00:00+05:30,3.74,3.74,3.6,3.61,2369915
2024-03-27 00:00:00+05:30,3.61,3.69,3.58,3.62,3421049
2024-03-28 00:00:00+05:30,3.64,3.74,3.61,3.66,5675255
2024-04-01 00:00:00+05:30,3.7,3.84,3.67,3.84,4506337
2024-04-02 00:00:00+05:30,3.92,4.03,3.87,4.03,2985402
2024-04-03 00:00:00+05:30,4.07,4.23,4.05,4.23,4542999
2024-04-04 00:00:00+05:30,4.29,4.44,4.23,4.44,4708036
2024-04-05 00:00:00+05:30,4.55,4.6,4.24,4.54,5756524
2024-04-08 00:00:00+05:30,4.55,4.66,4.32,4.32,2976146
2024-04-09 00:00:00+05:30,4.37,4.42,4.24,4.31,2177994
2024-04-10 00:00:00+05:30,4.37,4.43,4.11,4.15,1594121
2024-04-12 00:00:00+05:30,4.15,4.35,4.05,4.24,4941836
2024-04-15 00:00:00+05:30,4.14,4.14,4.03,4.06,2392161
2024-04-16 00:00:00+05:30,3.93,4.26,3.93,4.06,5219751
2024-04-18 00:00:00+05:30,4.07,4.17,3.99,4.0,2384782
2024-04-19 00:00:00+05:30,3.85,4.0,3.8,3.92,2451610
2024-04-22 00:00:00+05:30,3.98,4.1,3.95,4.09,2119988
2024-04-23 00:00:00+05:30,4.13,4.19,4.05,4.1,1598797
2024-04-24 00:00:00+05:30,4.16,4.3,4.11,4.26,6443779
2024-04-25 00:00:00+05:30,4.24,4.38,4.16,4.2,2895647
2024-04-26 00:00:00+05:30,4.21,4.21,4.02,4.07,2248878
2024-04-29 00:00:00+05:30,4.1,4.1,4.01,4.03,1473551
2024-04-30 00:00:00+05:30,4.05,4.08,3.97,4.0,2362913
2024-05-02 00:00:00+05:30,4.03,4.1,3.97,3.99,2562104
2024-05-03 00:00:00+05:30,4.0,4.1,3.96,4.0,2800816
2024-05-06 00:00:00+05:30,4.01,4.04,3.87,3.89,3356173
2024-05-07 00:00:00+05:30,3.88,3.95,3.85,3.87,1893097
2024-05-08 00:00:00+05:30,3.89,4.06,3.81,3.88,4483086
2024-05-09 00:00:00+05:30,3.88,3.94,3.81,3.82,1606267
2024-05-10 00:00:00+05:30,3.83,3.89,3.81,3.84,1639939
2024-05-13 00:00:00+05:30,3.89,3.89,3.68,3.72,1496902
2024-05-14 00:00:00+05:30,3.74,3.89,3.71,3.84,1255613
2024-05-15 00:00:00+05:30,3.85,3.88,3.81,3.83,692300
2024-05-16 00:00:00+05:30,3.86,3.9,3.86,3.88,1224408
2024-05-17 00:00:00+05:30,3.89,4.01,3.85,3.87,2310355
2024-05-18 00:00:00+05:30,3.92,3.94,3.86,3.92,559066
2024-05-21 00:00:00+05:30,3.95,3.96,3.85,3.87,2393583
2024-05-22 00:00:00+05:30,3.88,3.93,3.85,3.87,1619488
2024-05-23 00:00:00+05:30,3.88,3.89,3.82,3.85,1254115
2024-05-24 00:00:00+05:30,3.85,3.98,3.82,3.93,3189224
2024-05-27 00:00:00+05:30,3.95,3.98,3.81,3.82,2274743
2024-05-28 00:00:00+05:30,3.83,3.85,3.76,3.82,2588130
2024-05-29 00:00:00+05:30,3.79,3.85,3.75,3.81,1276778
2024-05-30 00:00:00+05:30,3.84,3.93,3.77,3.82,2225587
2024-05-31 00:00:00+05:30,3.84,3.91,3.8,3.87,2976157
2024-06-03 00:00:00+05:30,3.95,3.99,3.85,3.88,2573080
2024-06-04 00:00:00+05:30,3.9,3.9,3.69,3.69,3912276
2024-06-05 00:00:00+05:30,3.74,3.74,3.57,3.62,1504603
2024-06-06 00:00:00+05:30,3.67,3.8,3.58,3.79,1885763
2024-06-07 00:00:00+05:30,3.86,3.97,3.81,3.93,3829912
2024-06-10 00:00:00+05:30,4.01,4.05,3.85,3.86,759193
2024-06-11 00:00:00+05:30,3.9,3.91,3.82,3.84,416543
2024-06-12 00:00:00+05:30,3.81,4.04,3.78,3.9,12174412
2024-06-13 00:00:00+05:30,3.96,3.98,3.81,3.87,1749540
2024-06-14 00:00:00+05:30,3.92,3.93,3.84,3.88,1224807
2024-06-18 00:00:00+05:30,3.95,3.95,3.85,3.86,1008662
2024-06-19 00:00:00+05:30,3.86,3.87,3.8,3.84,1534674
2024-06-20 00:00:00+05:30,3.87,3.96,3.84,3.9,2029892
2024-06-21 00:00:00+05:30,3.94,4.29,3.92,4.27,18386588
2024-06-24 00:00:00+05:30,4.32,4.55,4.24,4.28,5267105
2024-06-25 00:00:00+05:30,4.3,4.34,4.09,4.12,2679835
2024-06-26 00:00:00+05:30,4.12,4.25,4.05,4.08,2305221
2024-06-27 00:00:00+05:30,4.12,4.14,4.0,4.03,2275392
2024-06-28 00:00:00+05:30,4.02,4.08,3.98,4.0,1465498
2024-07-01 00:00:00+05:30,4.07,4.4,3.96,4.15,6093623
2024-07-02 00:00:00+05:30,4.23,4.27,4.0,4.07,2709112
2024-07-03 00:00:00+05:30,4.1,4.27,4.08,4.19,3292533
2024-07-04 00:00:00+05:30,4.27,4.29,4.1,4.14,3289237
2024-07-05 00:00:00+05:30,4.18,4.23,4.13,4.18,2759334
2024-07-08 00:00:00+05:30,4.26,4.26,4.07,4.08,2033812
2024-07-09 00:00:00+05:30,4.1,4.13,4.0,4.03,911799
2024-07-10 00:00:00+05:30,4.06,4.1,3.92,3.98,1775995
2024-07-11 00:00:00+05:30,4.0,4.04,3.95,3.99,1918955
2024-07-12 00:00:00+05:30,4.05,4.05,3.98,4.0,1789168
2024-07-15 00:00:00+05:30,4.05,4.05,3.91,3.95,1656769
2024-07-16 00:00:00+05:30,3.95,4.03,3.93,3.97,1346077
2024-07-18 00:00:00+05:30,3.97,4.02,3.9,3.92,1606174
2024-07-19 00:00:00+05:30,3.92,3.93,3.82,3.84,1864800
2024-07-22 00:00:00+05:30,3.84,3.92,3.75,3.83,1319568
2024-07-23 00:00:00+05:30,3.88,3.88,3.71,3.82,802760
2024-07-24 00:00:00+05:30,3.82,3.99,3.82,3.92,812824
2024-07-25 00:00:00+05:30,3.91,3.94,3.86,3.9,906148
2024-07-26 00:00:00+05:30,3.93,3.96,3.88,3.89,1805372
2024-07-29 00:00:00+05:30,3.92,3.94,3.87,3.88,1666799
2024-07-30 00:00:00+05:30,3.92,3.92,3.87,3.89,850144
2024-07-31 00:00:00+05:30,3.93,3.93,3.85,3.86,1371618
2024-08-01 00:00:00+05:30,3.9,3.9,3.79,3.82,2012196
2024-08-02 00:00:00+05:30,3.75,3.85,3.7,3.77,1723601
2024-08-05 00:00:00+05:30,3.69,3.76,3.6,3.62,2789631
2024-08-06 00:00:00+05:30,3.62,3.8,3.6,3.61,1786798
2024-08-07 00:00:00+05:30,3.72,3.75,3.64,3.73,1367271
2024-08-08 00:00:00+05:30,3.76,3.84,3.7,3.71,2189578
2024-08-09 00:00:00+05:30,3.73,3.77,3.62,3.67,1074967
2024-08-12 00:00:00+05:30,3.62,3.85,3.61,3.68,2068892
2024-08-13 00:00:00+05:30,3.74,3.74,3.65,3.67,1021317
2024-08-14 00:00:00+05:30,3.74,3.75,3.65,3.67,1335204
2024-08-16 00:00:00+05:30,3.74,3.75,3.64,3.67,1548516
2024-08-19 00:00:00+05:30,3.6,3.72,3.6,3.66,1389627
2024-08-20 00:00:00+05:30,3.67,3.7,3.65,3.67,945965
2024-08-21 00:00:00+05:30,3.68,3.79,3.66,3.76,1751137
2024-08-22 00:00:00+05:30,3.78,3.87,3.77,3.8,1835911
2024-08-23 00:00:00+05:30,3.88,3.88,3.72,3.76,1454152
2024-08-26 00:00:00+05:30,3.74,3.78,3.65,3.69,2149612
2024-08-27 00:00:00+05:30,3.69,3.74,3.67,3.72,1080937
2024-08-28 00:00:00+05:30,3.75,3.87,3.73,3.76,1706795
2024-08-29 00:00:00+05:30,3.8,3.85,3.71,3.78,1579660
2024-08-30 00:00:00+05:30,3.8,3.81,3.7,3.71,1011067
2024-09-02 00:00:00+05:30,3.75,3.75,3.64,3.68,1321012
2024-09-03 00:00:00+05:30,3.72,3.72,3.64,3.66,1010275
2024-09-04 00:00:00+05:30,3.66,3.67,3.63,3.66,940113
2024-09-05 00:00:00+05:30,3.67,3.68,3.6,3.64,1410792
2024-09-06 00:00:00+05:30,3.6,3.68,3.6,3.61,1009265
2024-09-09 00:00:00+05:30,3.63,3.68,3.58,3.6,1326866
2024-09-10 00:00:00+05:30,3.6,3.81,3.6,3.77,2514297
2024-09-11 00:00:00+05:30,3.81,3.81,3.65,3.69,1187251
2024-09-12 00:00:00+05:30,3.73,3.75,3.64,3.66,1503441
2024-09-13 00:00:00+05:30,3.7,3.73,3.66,3.67,957631
2024-09-16 00:00:00+05:30,3.73,3.73,3.62,3.63,1180241
2024-09-17 00:00:00+05:30,3.65,3.67,3.59,3.64,1158793
2024-09-18 00:00:00+05:30,3.65,3.67,3.6,3.62,952184
2024-09-19 00:00:00+05:30,3.64,3.64,3.54,3.56,1184013
2024-09-20 00:00:00+05:30,3.58,3.61,3.54,3.57,1214975
2024-09-23 00:00:00+05:30,3.56,3.6,3.53,3.54,1282714
2024-09-24 00:00:00+05:30,3.53,3.56,3.48,3.5,1361940
2024-09-25 00:00:00+05:30,3.51,3.52,3.42,3.44,1398239
2024-09-26 00:00:00+05:30,3.42,3.44,3.32,3.39,2007479
2024-09-27 00:00:00+05:30,3.41,3.91,3.39,3.78,10623239
2024-09-30 00:00:00+05:30,3.82,3.85,3.63,3.73,2682422
2024-10-01 00:00:00+05:30,3.78,3.81,3.68,3.74,1762293
2024-10-03 00:00:00+05:30,3.63,3.68,3.58,3.6,1868643
2024-10-04 00:00:00+05:30,3.45,3.59,3.45,3.53,1903979
2024-10-07 00:00:00+05:30,3.58,3.63,3.24,3.36,875513
2024-10-08 00:00:00+05:30,3.34,3.65,3.3,3.52,1450832
2024-10-09 00:00:00+05:30,3.6,3.6,3.48,3.51,715850
2024-10-10 00:00:00+05:30,3.56,3.56,3.48,3.5,1366855
2024-10-11 00:00:00+05:30,3.5,3.51,3.47,3.5,678787
2024-10-14 00:00:00+05:30,3.5,3.53,3.47,3.49,748414
2024-10-15 00:00:00+05:30,3.46,3.52,3.43,3.47,1056408
2024-10-16 00:00:00+05:30,3.46,3.46,3.41,3.43,710782
2024-10-17 00:00:00+05:30,3.42,3.44,3.38,3.39,967704
2024-10-18 00:00:00+05:30,3.39,3.4,3.32,3.37,949103
2024-10-21 00:00:00+05:30,3.37,3.41,3.31,3.32,678812
2024-10-22 00:00:00+05:30,3.28,3.32,3.13,3.15,1436102
2024-10-23 00:00:00+05:30,3.11,3.3,3.05,3.21,1462961
2024-10-24 00:00:00+05:30,3.26,3.28,3.17,3.18,712000
2024-10-25 00:00:00+05:30,3.2,3.2,3.05,3.08,1630364
2024-10-28 00:00:00+05:30,3.06,3.16,3.03,3.12,1064275
2024-10-29 00:00:00+05:30,3.17,3.22,3.11,3.19,842398
2024-10-30 00:00:00+05:30,3.24,3.46,3.2,3.41,1285665
2024-10-31 00:00:00+05:30,3.48,3.53,3.4,3.47,1050828
2024-11-01 00:00:00+05:30,3.57,3.57,3.42,3.52,633894
2024-11-04 00:00:00+05:30,3.54,3.54,3.26,3.35,1250763
2024-11-05 00:00:00+05:30,3.42,3.45,3.35,3.4,678035
2024-11-06 00:00:00+05:30,3.45,3.79,3.42,3.74,4869760
2024-11-07 00:00:00+05:30,3.89,3.9,3.63,3.64,3264112
2024-11-08 00:00:00+05:30,3.7,3.7,3.57,3.65,1578044
2024-11-11 00:00:00+05:30,3.71,3.71,3.44,3.48,1637022
2024-11-12 00:00:00+05:30,3.48,3.56,3.41,3.44,1206790
2024-11-13 00:00:00+05:30,3.46,3.46,3.27,3.31,1866563
2024-11-14 00:00:00+05:30,3.32,3.42,3.26,3.32,1074790
2024-11-18 00:00:00+05:30,3.34,3.36,3.21,3.27,1146194
2024-11-19 00:00:00+05:30,3.36,3.47,3.34,3.45,889693
2024-11-21 00:00:00+05:30,3.62,3.75,3.44,3.55,2977392
2024-11-22 00:00:00+05:30,3.58,3.71,3.48,3.6,1661694
2024-11-25 00:00:00+05:30,3.67,3.67,3.54,3.56,889715
2024-11-26 00:00:00+05:30,3.53,3.57,3.49,3.52,1132428
2024-11-27 00:00:00+05:30,3.57,3.57,3.47,3.48,1229796
2024-11-28 00:00:00+05:30,3.5,3.59,3.25,3.47,1918629
2024-11-29 00:00:00+05:30,3.41,3.43,3.33,3.38,1470861
2024-12-02 00:00:00+05:30,3.38,3.44,3.35,3.39,1812045
2024-12-03 00:00:00+05:30,3.36,3.43,3.35,3.37,1086806
2024-12-04 00:00:00+05:30,3.41,3.53,3.37,3.46,1277980
2024-12-05 00:00:00+05:30,3.5,3.54,3.43,3.46,1418830
2024-12-06 00:00:00+05:30,3.46,4.15,3.43,3.66,8327702
2024-12-09 00:00:00+05:30,3.66,3.81,3.63,3.66,3593628
2024-12-10 00:00:00+05:30,3.73,3.73,3.58,3.61,1626505
2024-12-11 00:00:00+05:30,3.61,3.65,3.53,3.58,1467972
2024-12-12 00:00:00+05:30,3.57,3.67,3.53,3.57,1329993
2024-12-13 00:00:00+05:30,3.58,3.58,3.46,3.55,1043823
2024-12-16 00:00:00+05:30,3.6,3.61,3.53,3.54,1173336
2024-12-17 00:00:00+05:30,3.54,3.55,3.49,3.52,869804
2024-12-18 00:00:00+05:30,3.5,3.54,3.46,3.5,812117
2024-12-19 00:00:00+05:30,3.5,3.5,3.4,3.46,1134276
2024-12-20 00:00:00+05:30,3.48,3.49,3.4,3.41,703637
2024-12-23 00:00:00+05:30,3.41,3.43,3.36,3.38,828842
2024-12-24 00:00:00+05:30,3.38,3.41,3.36,3.39,697265
2024-12-26 00:00:00+05:30,3.43,3.44,3.32,3.35,754794
2024-12-27 00:00:00+05:30,3.35,3.38,3.26,3.28,1019624
2024-12-30 00:00:00+05:30,3.28,3.33,3.25,3.3,799132
2024-12-31 00:00:00+05:30,3.31,3.33,3.26,3.3,903718
2025-01-01 00:00:00+05:30,3.33,3.42,3.32,3.41,737546
2025-01-02 00:00:00+05:30,3.44,3.48,3.37,3.39,770827
2025-01-03 00:00:00+05:30,3.38,3.47,3.38,3.44,1512521
2025-01-06 00:00:00+05:30,3.43,3.45,3.15,3.2,1875169
2025-01-07 00:00:00+05:30,3.2,3.3,3.19,3.25,815044
2025-01-08 00:00:00+05:30,3.23,3.26,3.19,3.22,876722
2025-01-09 00:00:00+05:30,3.23,3.24,3.16,3.17,792589
2025-01-10 00:00:00+05:30,3.21,3.21,3.09,3.11,882715
2025-01-13 00:00:00+05:30,3.1,3.14,2.99,3.0,1562979
2025-01-14 00:00:00+05:30,3.07,3.27,3.01,3.2,1011948
2025-01-15 00:00:00+05:30,3.11,3.19,3.11,3.15,697437
2025-01-16 00:00:00+05:30,3.16,3.24,3.16,3.19,569433
2025-01-17 00:00:00+05:30,3.18,3.2,3.14,3.19,948856
2025-01-20 00:00:00+05:30,3.19,3.22,3.15,3.18,694929
2025-01-21 00:00:00+05:30,3.18,3.21,3.12,3.14,655856
2025-01-22 00:00:00+05:30,3.13,3.17,3.03,3.1,822336
2025-01-23 00:00:00+05:30,3.1,3.15,3.08,3.1,419750
2025-01-24 00:00:00+05:30,3.15,3.15,3.01,3.02,977325
2025-01-27 00:00:00+05:30,2.97,3.02,2.93,2.96,957907
2025-01-28 00:00:00+05:30,2.95,3.03,2.84,2.97,1347240
2025-01-29 00:00:00+05:30,2.98,3.08,2.98,3.02,889343
2025-01-30 00:00:00+05:30,3.04,3.07,2.99,3.01,705232
2025-01-31 00:00:00+05:30,3.02,3.07,3.02,3.06,612628
2025-02-01 00:00:00+05:30,3.1,3.14,3.03,3.07,579289
2025-02-03 00:00:00+05:30,3.08,3.1,2.99,3.02,624933
2025-02-04 00:00:00+05:30,2.84,3.06,2.84,3.03,618449
2025-02-05 00:00:00+05:30,3.04,3.08,3.01,3.02,425966
2025-02-06 00:00:00+05:30,3.0,3.04,2.98,2.99,500570
2025-02-07 00:00:00+05:30,3.03,3.04,2.99,3.0,772330
2025-02-10 00:00:00+05:30,3.01,3.03,2.9,2.93,1070788
2025-02-11 00:00:00+05:30,2.9,2.98,2.84,2.89,1002315
2025-02-12 00:00:00+05:30,2.84,2.9,2.72,2.79,1172144
2025-02-13 00:00:00+05:30,2.83,2.9,2.8,2.83,502690
2025-02-14 00:00:00+05:30,2.89,2.89,2.63,2.67,1233868
2025-02-17 00:00:00+05:30,2.65,2.67,2.5,2.54,1276074
2025-02-18 00:00:00+05:30,2.49,2.54,2.34,2.38,1467915
2025-02-19 00:00:00+05:30,2.38,2.85,2.34,2.82,2589440
2025-02-20 00:00:00+05:30,2.89,3.38,2.89,3.29,8818059
2025-02-21 00:00:00+05:30,3.31,3.39,2.9,2.92,2908090
2025-02-24 00:00:00+05:30,2.84,3.14,2.81,3.05,2237788
2025-02-25 00:00:00+05:30,3.09,3.1,3.0,3.02,713176
2025-02-27 00:00:00+05:30,2.97,3.08,2.94,2.98,1062253
2025-02-28 00:00:00+05:30,2.97,2.97,2.75,2.8,1531640
2025-03-03 00:00:00+05:30,2.84,2.89,2.53,2.8,1500631
2025-03-04 00:00:00+05:30,2.77,2.88,2.7,2.8,614100
2025-03-05 00:00:00+05:30,2.79,2.95,2.75,2.91,1407497
2025-03-06 00:00:00+05:30,2.98,3.04,2.96,2.97,694985
2025-03-07 00:00:00+05:30,2.98,2.99,2.92,2.93,619041
2025-03-10 00:00:00+05:30,2.94,2.95,2.8,2.82,1276592
2025-03-11 00:00:00+05:30,2.76,2.79,2.68,2.7,1173194
2025-03-12 00:00:00+05:30,2.71,2.73,2.56,2.65,1374546
2025-03-13 00:00:00+05:30,2.71,2.73,2.6,2.64,847182
2025-03-17 00:00:00+05:30,2.71,2.74,2.61,2.64,518511
2025-03-18 00:00:00+05:30,2.67,2.74,2.64,2.69,906615
2025-03-19 00:00:00+05:30,2.67,2.79,2.67,2.75,1041299
2025-03-20 00:00:00+05:30,2.83,2.83,2.63,2.67,1398508
2025-03-21 00:00:00+05:30,2.68,2.72,2.65,2.68,1301006
2025-03-24 00:00:00+05:30,2.67,2.77,2.65,2.68,1185270
2025-03-25 00:00:00+05:30,2.68,2.74,2.61,2.62,1343276
2025-03-26 00:00:00+05:30,2.64,2.66,2.53,2.55,1306400
2025-03-27 00:00:00+05:30,2.51,2.59,2.47,2.49,1697524
2025-03-28 00:00:00+05:30,2.52,2.55,2.41,2.43,2091962
2025-04-01 00:00:00+05:30,2.42,2.63,2.42,2.54,1121855
2025-04-02 00:00:00+05:30,2.55,2.61,2.47,2.6,725723
2025-04-03 00:00:00+05:30,2.58,2.65,2.56,2.62,635751
2025-04-04 00:00:00+05:30,2.62,2.65,2.58,2.63,1554002
2025-04-07 00:00:00+05:30,2.46,2.54,2.43,2.52,896010
2025-04-08 00:00:00+05:30,2.59,2.6,2.54,2.57,478764
2025-04-09 00:00:00+05:30,2.56,2.57,2.5,2.54,225200
2025-04-11 00:00:00+05:30,2.57,2.6,2.52,2.54,692346
2025-04-15 00:00:00+05:30,2.56,2.6,2.56,2.59,140548
2025-04-16 00:00:00+05:30,2.6,2.7,2.58,2.66,908236
2025-04-17 00:00:00+05:30,2.69,2.69,2.6,2.64,656982
2025-04-21 00:00:00+05:30,2.69,2.69,2.62,2.68,944463
2025-04-22 00:00:00+05:30,2.72,3.0,2.68,2.78,2916528
2025-04-23 00:00:00+05:30,2.84,2.84,2.7,2.75,1133297
2025-04-24 00:00:00+05:30,2.7,2.79,2.7,2.75,478674
2025-04-25 00:00:00+05:30,2.71,2.76,2.61,2.66,776881
2025-04-28 00:00:00+05:30,2.62,2.65,2.59,2.61,589945
2025-04-29 00:00:00+05:30,2.6,2.69,2.58,2.61,525866
2025-04-30 00:00:00+05:30,2.61,2.65,2.58,2.59,204547
2025-05-02 00:00:00+05:30,2.56,2.6,2.53,2.56,495711
2025-05-05 00:00:00+05:30,2.57,2.61,2.51,2.59,546286
2025-05-06 00:00:00+05:30,2.58,2.62,2.52,2.53,568086
2025-05-07 00:00:00+05:30,2.48,2.53,2.45,2.51,720569
2025-05-08 00:00:00+05:30,2.55,2.57,2.45,2.46,640847
2025-05-09 00:00:00+05:30,2.41,2.45,2.39,2.42,373439
2025-05-12 00:00:00+05:30,2.53,2.61,2.52,2.57,828145
2025-05-13 00:00:00+05:30,2.58,2.63,2.56,2.6,806098
2025-05-14 00:00:00+05:30,2.62,2.69,2.62,2.67,905874
2025-05-15 00:00:00+05:30,2.73,2.83,2.69,2.71,995991
2025-05-16 00:00:00+05:30,2.69,2.73,2.69,2.7,639846
2025-05-19 00:00:00+05:30,2.7,2.76,2.66,2.68,1025701
2025-05-20 00:00:00+05:30,2.68,2.7,2.65,2.67,273346
2025-05-21 00:00:00+05:30,2.66,2.68,2.63,2.66,441312
2025-05-22 00:00:00+05:30,2.65,2.69,2.63,2.65,593477
2025-05-23 00:00:00+05:30,2.66,2.72,2.65,2.7,596041
2025-05-26 00:00:00+05:30,2.71,2.72,2.65,2.65,719314
2025-05-27 00:00:00+05:30,2.63,2.65,2.6,2.63,548742
2025-05-28 00:00:00+05:30,2.63,2.65,2.6,2.64,458063
2025-05-29 00:00:00+05:30,2.64,2.67,2.63,2.64,460266
2025-05-30 00:00:00+05:30,2.65,2.65,2.6,2.62,604627
2025-06-02 00:00:00+05:30,2.63,2.68,2.59,2.62,658447
2025-06-03 00:00:00+05:30,2.6,2.63,2.6,2.62,419270
2025-06-04 00:00:00+05:30,2.62,2.63,2.59,2.61,592075
2025-06-05 00:00:00+05:30,2.61,2.65,2.6,2.61,559016
2025-06-06 00:00:00+05:30,2.6,2.63,2.58,2.59,498223
2025-06-09 00:00:00+05:30,2.57,2.63,2.57,2.63,1556759
2025-06-10 00:00:00+05:30,2.62,2.79,2.62,2.67,2189356
2025-06-11 00:00:00+05:30,2.69,3.0,2.68,2.81,4498530
2025-06-12 00:00:00+05:30,2.83,2.86,2.72,2.74,618864
2025-06-13 00:00:00+05:30,2.71,2.77,2.63,2.69,732239
2025-06-16 00:00:00+05:30,2.66,2.71,2.62,2.66,428139
2025-06-17 00:00:00+05:30,2.63,2.7,2.62,2.62,574221
2025-06-18 00:00:00+05:30,2.6,2.67,2.58,2.59,644505
2025-06-19 00:00:00+05:30,2.59,2.61,2.51,2.52,519958
2025-06-20 00:00:00+05:30,2.52,2.56,2.51,2.54,634150
2025-06-23 00:00:00+05:30,2.52,2.54,2.49,2.51,428283
2025-06-24 00:00:00+05:30,2.51,2.6,2.51,2.57,337638
2025-06-25 00:00:00+05:30,2.57,2.63,2.57,2.61,504554
2025-06-26 00:00:00+05:30,2.62,2.65,2.59,2.59,500381
2025-06-27 00:00:00+05:30,2.61,2.82,2.6,2.76,1550343
2025-06-30 00:00:00+05:30,2.82,2.89,2.76,2.84,2862086
2025-07-01 00:00:00+05:30,2.88,2.89,2.79,2.81,1365192
2025-07-02 00:00:00+05:30,2.83,2.83,2.72,2.74,1309965
2025-07-03 00:00:00+05:30,2.79,3.28,2.7,3.04,5314364
2025-07-04 00:00:00+05:30,2.96,2.96,2.84,2.87,2751260
2025-07-07 00:00:00+05:30,2.87,2.91,2.82,2.84,574456
2025-07-08 00:00:00+05:30,2.8,2.87,2.78,2.81,566291
2025-07-09 00:00:00+05:30,2.79,2.83,2.78,2.79,644369
2025-07-10 00:00:00+05:30,2.78,2.83,2.76,2.79,595140
2025-07-11 00:00:00+05:30,2.79,2.82,2.74,2.75,449369
2025-07-14 00:00:00+05:30,2.75,2.77,2.69,2.74,664354
2025-07-15 00:00:00+05:30,2.75,2.8,2.74,2.74,530316
2025-07-16 00:00:00+05:30,2.75,2.79,2.73,2.77,781227
2025-07-17 00:00:00+05:30,2.75,2.78,2.75,2.76,359701
2025-07-18 00:00:00+05:30,2.77,2.78,2.71,2.74,348036
2025-07-21 00:00:00+05:30,2.79,2.79,2.7,2.72,716002
2025-07-22 00:00:00+05:30,2.72,2.77,2.67,2.71,828049
2025-07-23 00:00:00+05:30,2.71,2.73,2.67,2.71,1019566
2025-07-24 00:00:00+05:30,2.74,2.74,2.68,2.69,401959
2025-07-25 00:00:00+05:30,2.69,2.71,2.6,2.61,1208760
2025-07-28 00:00:00+05:30,2.58,2.61,2.53,2.57,1156734
2025-07-29 00:00:00+05:30,2.59,2.61,2.54,2.6,587918
2025-07-30 00:00:00+05:30,2.59,2.6,2.55,2.56,323671
2025-07-31 00:00:00+05:30,2.52,2.56,2.51,2.54,779558
2025-08-01 00:00:00+05:30,2.54,2.56,2.49,2.51,717782
2025-08-04 00:00:00+05:30,2.53,2.53,2.45,2.49,603617
2025-08-05 00:00:00+05:30,2.49,2.5,2.47,2.49,380586
2025-08-06 00:00:00+05:30,2.5,2.5,2.43,2.44,986088
2025-08-07 00:00:00+05:30,2.44,2.46,2.41,2.42,703315
2025-08-08 00:00:00+05:30,2.42,2.45,2.38,2.4,712397
2025-08-11 00:00:00+05:30,2.37,2.45,2.37,2.43,403272
2025-08-12 00:00:00+05:30,2.41,2.45,2.41,2.42,426857
2025-08-13 00:00:00+05:30,2.4,2.43,2.38,2.39,528632
2025-08-14 00:00:00+05:30,2.38,2.4,2.37,2.39,276415
2025-08-18 00:00:00+05:30,2.5,2.55,2.42,2.45,654119
2025-08-19 00:00:00+05:30,2.47,2.5,2.46,2.48,597978
2025-08-20 00:00:00+05:30,2.45,2.5,2.44,2.48,1014513
2025-08-21 00:00:00+05:30,2.47,2.5,2.47,2.48,398392
2025-08-22 00:00:00+05:30,2.44,2.47,2.41,2.44,874319
2025-08-25 00:00:00+05:30,2.4,2.55,2.4,2.52,1990266
2025-08-26 00:00:00+05:30,2.47,2.5,2.43,2.45,602092
2025-08-28 00:00:00+05:30,2.42,2.44,2.4,2.41,505237
2025-08-29 00:00:00+05:30,2.44,2.44,2.38,2.4,730490
2025-09-01 00:00:00+05:30,2.06,2.5,2.06,2.42,672209
2025-09-02 00:00:00+05:30,2.45,2.47,2.42,2.43,448018
2025-09-03 00:00:00+05:30,2.45,2.45,2.42,2.44,440880
2025-09-04 00:00:00+05:30,2.47,2.47,2.42,2.42,313083
2025-09-05 00:00:00+05:30,2.42,2.45,2.4,2.41,434667
2025-09-08 00:00:00+05:30,2.41,2.43,2.39,2.4,673466
2025-09-09 00:00:00+05:30,2.41,2.42,2.4,2.41,268915
2025-09-10 00:00:00+05:30,2.41,2.45,2.41,2.42,392360
2025-09-11 00:00:00+05:30,2.43,2.44,2.4,2.41,216411
2025-09-12 00:00:00+05:30,2.41,2.43,2.41,2.41,401992
2025-09-15 00:00:00+05:30,2.43,2.43,2.39,2.4,628116
2025-09-16 00:00:00+05:30,2.39,2.42,2.39,2.4,751032
2025-09-17 00:00:00+05:30,2.4,2.42,2.39,2.4,633953
2025-09-18 00:00:00+05:30,2.41,2.45,2.4,2.44,828861
2025-09-19 00:00:00+05:30,2.44,2.44,2.37,2.43,356788
