date,open,high,low,close,volume
2014-11-26 00:00:00+05:30,48.7,48.7,48.7,48.7,15
2014-11-28 00:00:00+05:30,50.05,50.05,49.35,49.35,204
2014-12-01 00:00:00+05:30,50.05,50.05,50.05,50.05,489
2014-12-02 00:00:00+05:30,50.0,50.05,50.0,50.05,495
2014-12-03 00:00:00+05:30,47.7,47.7,47.7,47.7,520
2014-12-04 00:00:00+05:30,47.55,47.55,47.55,47.55,330
2014-12-05 00:00:00+05:30,43.35,48.7,43.3,48.7,1493
2014-12-08 00:00:00+05:30,44.5,51.4,44.5,51.0,509
2014-12-09 00:00:00+05:30,46.35,52.1,46.35,51.6,482
2014-12-10 00:00:00+05:30,50.75,53.7,48.35,53.65,429
2014-12-11 00:00:00+05:30,54.05,54.1,54.05,54.05,3120
2014-12-12 00:00:00+05:30,54.1,54.8,54.1,54.8,2144
2014-12-15 00:00:00+05:30,54.8,54.8,54.8,54.8,1190
2014-12-16 00:00:00+05:30,55.1,56.15,55.1,55.1,2196
2014-12-17 00:00:00+05:30,55.95,55.95,55.95,55.95,503
2014-12-18 00:00:00+05:30,56.8,56.8,56.8,56.8,436
2014-12-19 00:00:00+05:30,51.4,54.8,51.4,54.8,472
2014-12-22 00:00:00+05:30,49.6,56.75,49.6,55.4,2514
2014-12-23 00:00:00+05:30,53.75,53.75,51.25,52.4,821
2014-12-24 00:00:00+05:30,56.1,56.1,47.4,56.1,339
2014-12-26 00:00:00+05:30,54.1,55.8,54.1,55.8,532
2014-12-29 00:00:00+05:30,52.75,52.75,50.2,50.2,479
2014-12-30 00:00:00+05:30,50.75,55.2,50.75,54.25,671
2015-01-01 00:00:00+05:30,53.95,53.95,48.85,49.05,861
2015-01-02 00:00:00+05:30,56.3,56.3,43.95,44.4,3479
2015-01-05 00:00:00+05:30,50.3,50.3,41.25,45.3,2202
2015-01-07 00:00:00+05:30,44.3,51.85,44.3,50.6,9
2015-01-08 00:00:00+05:30,53.45,53.45,44.65,44.85,1047
2015-01-09 00:00:00+05:30,46.35,48.0,46.35,47.0,380
2015-01-12 00:00:00+05:30,44.65,55.95,37.85,49.35,1749
2015-01-13 00:00:00+05:30,42.25,48.65,42.25,48.4,500
2015-01-14 00:00:00+05:30,45.3,48.0,43.95,48.0,1147
2015-01-15 00:00:00+05:30,45.3,48.0,45.3,46.7,149
2015-01-16 00:00:00+05:30,45.65,48.0,45.4,45.6,970
2015-01-19 00:00:00+05:30,46.65,49.05,46.65,47.7,342
2015-01-20 00:00:00+05:30,51.4,51.4,48.75,49.15,1204
2015-01-21 00:00:00+05:30,47.05,50.05,47.05,50.05,370
2015-01-23 00:00:00+05:30,52.75,52.75,50.05,50.4,427
2015-01-27 00:00:00+05:30,47.35,47.35,47.35,47.35,365
2015-01-28 00:00:00+05:30,47.35,47.35,47.35,47.35,222
2015-01-29 00:00:00+05:30,48.0,48.0,47.45,48.0,516
2015-01-30 00:00:00+05:30,47.35,47.35,47.35,47.35,139
2015-02-03 00:00:00+05:30,47.35,47.35,47.35,47.35,370
2015-02-05 00:00:00+05:30,47.35,47.35,47.35,47.35,15
2015-02-06 00:00:00+05:30,52.75,52.75,48.1,49.55,1761
2015-02-10 00:00:00+05:30,46.65,46.65,42.75,46.2,724
2015-02-11 00:00:00+05:30,47.35,48.0,47.35,48.0,185
2015-02-12 00:00:00+05:30,48.0,48.0,46.85,46.85,680
2015-02-13 00:00:00+05:30,39.25,49.75,39.25,49.75,303
2015-02-16 00:00:00+05:30,45.45,45.45,45.45,45.45,74
2015-02-23 00:00:00+05:30,49.7,53.75,49.35,51.75,3906
2015-02-24 00:00:00+05:30,54.1,62.1,51.9,62.1,18168
2015-02-25 00:00:00+05:30,67.55,74.55,67.55,70.7,19548
2015-02-26 00:00:00+05:30,75.6,75.7,65.6,67.5,4102
2015-02-27 00:00:00+05:30,74.25,74.25,61.55,65.45,4387
2015-03-02 00:00:00+05:30,68.9,68.9,60.05,60.45,1932
2015-03-03 00:00:00+05:30,58.85,58.85,56.15,56.25,800
2015-03-04 00:00:00+05:30,55.45,56.8,55.45,56.15,739
2015-03-05 00:00:00+05:30,56.5,56.8,56.5,56.8,78
2015-03-09 00:00:00+05:30,59.65,59.65,59.65,59.65,44
2015-03-10 00:00:00+05:30,56.8,62.6,56.8,62.55,411
2015-03-11 00:00:00+05:30,59.5,59.5,59.5,59.5,169
2015-03-12 00:00:00+05:30,59.5,59.5,57.5,57.5,174
2015-03-13 00:00:00+05:30,54.8,56.1,54.6,56.1,1439
2015-03-16 00:00:00+05:30,58.9,58.9,54.2,56.8,463
2015-03-17 00:00:00+05:30,56.8,58.1,56.8,56.8,526
2015-03-18 00:00:00+05:30,59.55,59.55,53.95,56.8,3942
2015-03-24 00:00:00+05:30,54.1,54.1,54.1,54.1,552
2015-03-25 00:00:00+05:30,54.1,54.1,53.45,53.45,2551
2015-03-26 00:00:00+05:30,52.75,52.75,52.75,52.75,188
2015-03-27 00:00:00+05:30,52.1,52.1,52.1,52.1,1209
2015-03-30 00:00:00+05:30,54.1,54.1,49.7,54.1,359
2015-03-31 00:00:00+05:30,52.15,54.1,52.15,54.1,399
2015-04-01 00:00:00+05:30,54.1,54.1,54.1,54.1,2661
2015-04-06 00:00:00+05:30,52.4,52.4,52.4,52.4,1552
2015-04-07 00:00:00+05:30,52.15,54.1,52.15,54.1,3846
2015-04-08 00:00:00+05:30,52.1,54.1,52.1,53.4,1292
2015-04-09 00:00:00+05:30,50.75,54.1,50.75,54.1,164
2015-04-10 00:00:00+05:30,50.8,50.8,50.8,50.8,739
2015-04-13 00:00:00+05:30,49.35,54.1,49.35,54.1,741
2015-04-15 00:00:00+05:30,54.1,54.1,54.1,54.1,552
2015-04-16 00:00:00+05:30,50.75,54.1,50.75,54.1,58
2015-04-17 00:00:00+05:30,54.1,54.1,54.1,54.1,185
2015-04-23 00:00:00+05:30,54.1,54.1,50.15,52.75,920
2015-04-24 00:00:00+05:30,50.75,52.4,47.75,49.05,3517
2015-04-27 00:00:00+05:30,44.35,49.05,44.35,49.05,591
2015-04-28 00:00:00+05:30,47.35,50.65,47.35,50.6,1418
2015-04-29 00:00:00+05:30,47.35,51.25,47.35,51.25,732
2015-04-30 00:00:00+05:30,51.35,52.05,50.75,50.75,1484
2015-05-04 00:00:00+05:30,42.15,54.1,42.15,54.1,20586
2015-05-06 00:00:00+05:30,52.4,54.1,52.4,54.1,149
2015-05-11 00:00:00+05:30,52.1,52.1,51.75,52.1,722
2015-05-12 00:00:00+05:30,47.8,50.65,41.95,45.65,3012
2015-05-13 00:00:00+05:30,46.9,50.65,40.6,44.75,9140
2015-05-14 00:00:00+05:30,47.35,52.45,47.35,51.55,1245
2015-05-19 00:00:00+05:30,48.2,48.25,46.4,46.5,3120
2015-05-20 00:00:00+05:30,47.4,47.6,47.4,47.4,1493
2015-05-21 00:00:00+05:30,47.4,52.75,47.0,52.65,2605
2015-05-22 00:00:00+05:30,44.75,52.75,44.75,50.85,4552
2015-05-26 00:00:00+05:30,47.35,47.4,47.35,47.4,850
2015-05-27 00:00:00+05:30,47.4,51.35,47.4,48.25,1007
2015-05-29 00:00:00+05:30,47.3,47.35,47.3,47.35,692
2015-06-01 00:00:00+05:30,45.7,45.7,45.65,45.7,296
2015-06-02 00:00:00+05:30,47.35,48.0,46.65,47.3,1263
2015-06-03 00:00:00+05:30,45.95,47.35,45.95,47.35,296
2015-06-05 00:00:00+05:30,44.65,47.35,43.95,45.7,436
2015-06-08 00:00:00+05:30,46.65,47.7,46.65,47.3,1691
2015-06-10 00:00:00+05:30,44.65,47.35,44.65,47.35,588
2015-06-11 00:00:00+05:30,47.35,47.35,46.05,46.7,4762
2015-06-12 00:00:00+05:30,47.3,47.35,47.3,47.35,2097
2015-06-16 00:00:00+05:30,52.75,52.75,46.65,46.7,179
2015-06-17 00:00:00+05:30,52.4,52.4,48.0,49.65,519
2015-06-18 00:00:00+05:30,41.25,49.0,41.0,47.05,662
2015-06-19 00:00:00+05:30,52.1,53.45,52.1,52.45,704
2015-06-22 00:00:00+05:30,56.15,56.15,56.15,56.15,1
2015-06-23 00:00:00+05:30,48.0,55.4,48.0,55.4,38
2015-06-25 00:00:00+05:30,48.7,57.5,48.7,57.5,149
2015-06-30 00:00:00+05:30,46.05,52.7,46.05,48.7,2023
2015-07-01 00:00:00+05:30,48.0,50.75,48.0,50.75,614
2015-07-02 00:00:00+05:30,48.0,57.5,48.0,57.5,77
2015-07-03 00:00:00+05:30,57.5,57.5,50.75,51.1,463
2015-07-06 00:00:00+05:30,56.35,56.35,48.7,52.75,334
2015-07-07 00:00:00+05:30,55.45,55.45,55.45,55.45,1
2015-07-08 00:00:00+05:30,50.1,55.45,50.05,55.45,275
2015-07-10 00:00:00+05:30,51.05,51.1,51.05,51.1,1560
2015-07-13 00:00:00+05:30,48.1,54.8,48.0,48.1,247
2015-07-14 00:00:00+05:30,55.45,55.45,50.05,50.1,1372
2015-07-15 00:00:00+05:30,50.4,51.05,50.4,50.75,3380
2015-07-16 00:00:00+05:30,50.75,50.75,50.2,50.25,1819
2015-07-17 00:00:00+05:30,48.85,52.75,48.85,52.5,1013
2015-07-21 00:00:00+05:30,56.35,56.8,54.1,54.4,1542
2015-07-22 00:00:00+05:30,50.05,53.4,50.05,51.65,819
2015-07-23 00:00:00+05:30,54.1,54.1,54.1,54.1,7
2015-07-27 00:00:00+05:30,49.35,49.35,49.35,49.35,44
2015-07-29 00:00:00+05:30,50.05,50.05,50.05,50.05,148
2015-07-30 00:00:00+05:30,60.05,60.05,60.05,60.05,2089
2015-07-31 00:00:00+05:30,72.05,72.05,64.95,72.05,46502
2015-08-03 00:00:00+05:30,85.55,85.55,58.15,72.35,25674
2015-08-04 00:00:00+05:30,71.7,74.35,67.7,72.3,8148
2015-08-05 00:00:00+05:30,78.3,78.3,67.7,68.7,8497
2015-08-06 00:00:00+05:30,75.05,75.55,67.85,72.45,3269
2015-08-07 00:00:00+05:30,70.6,71.7,67.65,70.15,9887
2015-08-10 00:00:00+05:30,75.7,75.7,70.95,72.9,5379
2015-08-11 00:00:00+05:30,79.45,79.45,68.6,73.6,2522
2015-08-12 00:00:00+05:30,68.65,73.7,68.3,68.45,2766
2015-08-13 00:00:00+05:30,69.0,69.65,69.0,69.65,222
2015-08-14 00:00:00+05:30,62.95,70.35,62.95,70.2,460
2015-08-17 00:00:00+05:30,69.65,73.05,69.65,70.0,775
2015-08-18 00:00:00+05:30,69.0,73.7,69.0,70.2,942
2015-08-19 00:00:00+05:30,69.0,73.5,69.0,73.5,180
2015-08-20 00:00:00+05:30,69.0,76.3,69.0,70.15,6787
2015-08-21 00:00:00+05:30,68.4,71.7,68.4,68.5,1303
2015-08-24 00:00:00+05:30,67.7,71.0,65.6,66.9,8960
2015-08-25 00:00:00+05:30,61.7,73.1,61.7,71.7,4073
2015-08-26 00:00:00+05:30,64.5,66.95,64.5,66.35,1629
2015-08-27 00:00:00+05:30,67.65,70.9,67.65,67.9,6129
2015-08-28 00:00:00+05:30,66.95,73.05,66.95,73.05,77
2015-08-31 00:00:00+05:30,67.0,67.35,67.0,67.3,1409
2015-09-01 00:00:00+05:30,60.85,73.7,60.85,64.95,2119
2015-09-02 00:00:00+05:30,59.05,70.8,59.05,69.0,553
2015-09-03 00:00:00+05:30,63.3,63.9,63.3,63.9,157
2015-09-04 00:00:00+05:30,54.15,76.1,54.15,70.45,3231
2015-09-07 00:00:00+05:30,61.9,73.7,61.9,72.3,3816
2015-09-08 00:00:00+05:30,62.55,67.55,62.55,65.0,915
2015-09-09 00:00:00+05:30,64.95,67.65,64.95,67.65,155
2015-09-10 00:00:00+05:30,71.0,71.0,71.0,71.0,7
2015-09-11 00:00:00+05:30,73.05,73.05,62.2,70.15,486
2015-09-14 00:00:00+05:30,69.65,69.65,64.95,64.95,86
2015-09-15 00:00:00+05:30,63.9,67.75,63.9,67.45,577
2015-09-16 00:00:00+05:30,64.25,80.95,64.25,74.75,24877
2015-09-18 00:00:00+05:30,81.75,81.75,71.0,71.7,1149
2015-09-24 00:00:00+05:30,71.7,74.05,61.9,68.0,2553
2015-09-29 00:00:00+05:30,69.3,77.8,68.7,69.0,1286
2015-09-30 00:00:00+05:30,77.1,77.1,69.65,71.1,334
2015-10-01 00:00:00+05:30,80.1,80.1,63.9,68.4,367
2015-10-05 00:00:00+05:30,67.65,78.1,67.65,74.35,167
2015-10-06 00:00:00+05:30,71.7,71.7,71.7,71.7,148
2015-10-07 00:00:00+05:30,66.3,67.65,66.3,67.65,30
2015-10-08 00:00:00+05:30,74.4,74.4,74.4,74.4,19
2015-10-14 00:00:00+05:30,63.6,68.3,63.6,68.3,149
2015-10-15 00:00:00+05:30,68.3,72.7,67.65,71.7,2233
2015-10-16 00:00:00+05:30,74.4,74.4,74.4,74.4,74
2015-10-19 00:00:00+05:30,73.05,73.05,68.4,68.4,177
2015-10-20 00:00:00+05:30,64.25,71.0,64.25,71.0,197
2015-10-21 00:00:00+05:30,74.4,74.4,74.4,74.4,74
2015-10-23 00:00:00+05:30,68.3,74.4,68.3,68.5,41
2015-10-26 00:00:00+05:30,64.6,71.0,64.6,69.0,232
2015-10-27 00:00:00+05:30,73.05,73.05,69.0,69.0,2682
2015-10-30 00:00:00+05:30,56.8,82.8,56.8,72.7,4714
2015-11-02 00:00:00+05:30,71.0,71.0,71.0,71.0,1479
2015-11-03 00:00:00+05:30,77.1,84.55,71.0,77.15,3438
2015-11-04 00:00:00+05:30,74.4,81.15,73.05,78.2,2858
2015-11-05 00:00:00+05:30,81.75,81.85,77.8,78.25,404
2015-11-06 00:00:00+05:30,84.55,88.6,81.85,85.15,20070
2015-11-09 00:00:00+05:30,84.55,84.55,81.15,84.55,4289
2015-11-10 00:00:00+05:30,78.0,87.9,77.8,78.8,7065
2015-11-11 00:00:00+05:30,84.4,84.4,77.85,78.0,933
2015-11-13 00:00:00+05:30,77.8,77.8,74.4,77.8,4755
2015-11-16 00:00:00+05:30,79.8,79.8,77.8,78.45,3321
2015-11-17 00:00:00+05:30,75.05,79.15,75.05,79.15,606
2015-11-18 00:00:00+05:30,77.8,81.15,77.8,78.3,2092
2015-11-19 00:00:00+05:30,73.1,81.15,73.1,80.9,3785
2015-11-20 00:00:00+05:30,83.45,83.85,80.5,81.95,983
2015-11-23 00:00:00+05:30,83.85,90.55,81.9,89.4,14960
2015-11-24 00:00:00+05:30,83.55,88.25,83.55,86.55,3109
2015-11-26 00:00:00+05:30,85.9,86.55,81.15,82.8,4391
2015-11-27 00:00:00+05:30,68.3,92.65,68.3,91.45,21590
2015-11-30 00:00:00+05:30,91.35,94.55,85.3,90.9,12773
2015-12-01 00:00:00+05:30,90.95,96.05,90.7,94.9,13755
2015-12-02 00:00:00+05:30,97.75,97.75,92.05,92.85,526
2015-12-03 00:00:00+05:30,93.8,93.8,88.6,90.5,1374
2015-12-04 00:00:00+05:30,87.9,89.4,87.9,89.4,223
2015-12-07 00:00:00+05:30,94.0,94.0,83.2,88.0,1238
2015-12-08 00:00:00+05:30,90.2,90.2,83.6,84.8,495
2015-12-09 00:00:00+05:30,81.95,85.2,81.65,85.2,769
2015-12-10 00:00:00+05:30,85.9,85.9,85.9,85.9,444
2015-12-11 00:00:00+05:30,84.55,87.9,81.9,87.9,1832
2015-12-14 00:00:00+05:30,74.4,81.15,74.4,79.9,133
2015-12-15 00:00:00+05:30,84.55,87.5,84.55,84.55,656
2015-12-16 00:00:00+05:30,85.9,87.9,85.55,85.7,3980
2015-12-17 00:00:00+05:30,92.0,92.0,87.2,87.8,2271
2015-12-18 00:00:00+05:30,82.5,87.9,82.5,86.65,1706
2015-12-21 00:00:00+05:30,87.9,93.65,84.55,87.4,8926
2015-12-22 00:00:00+05:30,90.3,90.3,85.2,85.55,699
2015-12-23 00:00:00+05:30,89.95,89.95,85.9,87.1,549
2015-12-24 00:00:00+05:30,85.9,87.9,79.15,80.8,5386
2015-12-28 00:00:00+05:30,81.15,90.65,79.15,84.15,2771
2015-12-29 00:00:00+05:30,83.2,87.9,82.5,86.1,5265
2015-12-30 00:00:00+05:30,93.25,93.25,85.9,92.1,10172
2015-12-31 00:00:00+05:30,93.95,94.75,89.95,90.5,6846
2016-01-01 00:00:00+05:30,90.65,96.05,90.65,94.7,1314
2016-01-04 00:00:00+05:30,94.7,94.7,85.9,88.8,1523
2016-01-05 00:00:00+05:30,87.3,92.65,87.3,92.6,2432
2016-01-06 00:00:00+05:30,94.75,96.05,92.05,95.95,4759
2016-01-07 00:00:00+05:30,97.25,97.25,84.55,95.7,237
2016-01-08 00:00:00+05:30,89.3,93.25,89.3,91.05,1705
2016-01-11 00:00:00+05:30,89.3,90.65,87.9,90.65,1384
2016-01-12 00:00:00+05:30,93.35,94.0,92.0,92.8,6619
2016-01-13 00:00:00+05:30,92.0,92.65,83.25,88.4,9130
2016-01-14 00:00:00+05:30,91.1,91.3,87.3,87.3,695
2016-01-15 00:00:00+05:30,82.5,87.9,82.5,84.9,710
2016-01-18 00:00:00+05:30,73.7,91.3,73.7,82.85,340
2016-01-19 00:00:00+05:30,90.65,90.65,90.65,90.65,1
2016-01-20 00:00:00+05:30,85.9,85.9,75.2,83.85,1140
2016-01-21 00:00:00+05:30,75.7,82.85,75.7,79.45,747
2016-01-22 00:00:00+05:30,77.85,84.55,77.85,83.85,615
2016-01-25 00:00:00+05:30,80.5,87.9,80.5,85.9,135
2016-01-27 00:00:00+05:30,75.2,90.65,75.2,80.5,955
2016-01-28 00:00:00+05:30,75.7,82.5,75.7,82.5,7001
2016-01-29 00:00:00+05:30,75.8,87.25,75.8,86.25,4452
2016-02-01 00:00:00+05:30,84.7,89.95,84.7,89.6,105
2016-02-02 00:00:00+05:30,89.95,89.95,89.95,89.95,59
2016-02-04 00:00:00+05:30,81.85,86.55,81.85,86.55,3
2016-02-05 00:00:00+05:30,75.2,90.9,75.2,90.75,80
2016-02-08 00:00:00+05:30,78.1,80.5,78.1,80.5,3
2016-02-09 00:00:00+05:30,79.15,79.15,79.15,79.15,148
2016-02-10 00:00:00+05:30,76.95,90.65,76.45,84.2,500
2016-02-11 00:00:00+05:30,75.75,83.2,71.35,82.15,1385
2016-02-12 00:00:00+05:30,68.4,71.0,66.95,70.95,1918
2016-02-15 00:00:00+05:30,69.05,71.0,67.65,69.0,1752
2016-02-16 00:00:00+05:30,64.25,73.7,64.25,73.7,9
2016-02-17 00:00:00+05:30,67.65,71.0,67.65,71.0,109
2016-02-18 00:00:00+05:30,67.65,74.4,67.65,74.4,9
2016-02-19 00:00:00+05:30,64.25,73.05,64.25,73.05,7422
2016-02-22 00:00:00+05:30,64.25,74.4,64.25,74.4,7394
2016-02-23 00:00:00+05:30,72.35,72.35,72.35,72.35,296
2016-02-24 00:00:00+05:30,67.65,72.35,67.65,71.7,112
2016-02-25 00:00:00+05:30,66.3,71.0,66.3,71.0,1791
2016-02-26 00:00:00+05:30,68.4,69.05,68.4,69.05,148
2016-03-01 00:00:00+05:30,67.75,70.25,64.25,70.25,444
2016-03-02 00:00:00+05:30,70.25,71.0,70.25,71.0,4446
2016-03-03 00:00:00+05:30,70.35,71.0,67.55,67.65,4879
2016-03-04 00:00:00+05:30,67.65,77.1,67.55,73.4,1623
2016-03-08 00:00:00+05:30,64.25,77.1,64.25,68.6,418
2016-03-09 00:00:00+05:30,74.4,74.4,66.3,69.3,27
2016-03-10 00:00:00+05:30,70.95,71.0,67.65,67.65,447
2016-03-11 00:00:00+05:30,69.0,74.4,65.15,66.1,253
2016-03-14 00:00:00+05:30,62.95,74.35,62.95,71.3,1215
2016-03-16 00:00:00+05:30,67.7,70.6,66.95,70.6,5101
2016-03-17 00:00:00+05:30,67.7,70.35,67.65,70.35,977
2016-03-18 00:00:00+05:30,70.6,70.6,70.6,70.6,186
2016-03-21 00:00:00+05:30,67.7,68.3,64.25,64.25,1842
2016-03-23 00:00:00+05:30,66.8,70.6,66.8,70.6,68
2016-03-28 00:00:00+05:30,69.65,69.65,64.25,64.25,44
2016-03-29 00:00:00+05:30,65.0,70.35,65.0,70.35,68
2016-03-31 00:00:00+05:30,64.5,69.6,64.5,64.5,129
2016-04-01 00:00:00+05:30,66.3,66.3,66.3,66.3,274
2016-04-04 00:00:00+05:30,74.75,75.05,74.75,75.05,3
2016-04-07 00:00:00+05:30,66.3,74.4,66.3,74.4,639
2016-04-08 00:00:00+05:30,64.25,74.4,64.25,74.4,84
2016-04-11 00:00:00+05:30,74.4,76.05,64.65,72.35,6281
2016-04-12 00:00:00+05:30,72.65,72.65,71.0,71.0,15
2016-04-13 00:00:00+05:30,74.4,74.4,71.0,71.7,7873
2016-04-18 00:00:00+05:30,71.7,71.7,71.7,71.7,769
2016-04-21 00:00:00+05:30,73.15,75.75,72.9,75.05,2472
2016-04-22 00:00:00+05:30,79.15,79.15,75.4,76.55,560
2016-04-25 00:00:00+05:30,66.7,78.5,66.7,76.35,1448
2016-04-26 10:00:00+05:30,72.65,78.2,70.45,76.65,535
2016-04-27 00:00:00+05:30,76.4,76.4,76.4,76.4,30
2016-04-28 00:00:00+05:30,71.85,71.85,71.0,71.0,1675
2016-04-29 00:00:00+05:30,70.55,70.55,70.55,70.55,164
2016-05-02 00:00:00+05:30,75.05,75.05,72.05,73.6,2774
2016-05-03 00:00:00+05:30,73.8,76.55,73.8,75.05,1138
2016-05-04 00:00:00+05:30,75.05,75.05,73.05,75.05,1127
2016-05-05 00:00:00+05:30,71.35,75.05,71.35,75.05,1808
2016-05-06 00:00:00+05:30,74.65,75.05,74.45,74.45,1484
2016-05-09 00:00:00+05:30,71.9,73.1,71.9,72.55,1227
2016-05-10 00:00:00+05:30,76.45,76.45,72.35,72.35,872
2016-05-11 00:00:00+05:30,75.75,75.75,75.75,75.75,133
2016-05-12 00:00:00+05:30,75.75,80.35,75.75,79.75,609
2016-05-17 00:00:00+05:30,79.15,82.45,79.15,82.45,617
2016-05-18 00:00:00+05:30,79.8,79.8,71.0,75.4,772
2016-05-19 00:00:00+05:30,73.05,76.45,73.05,76.45,136
2016-05-20 00:00:00+05:30,73.7,76.75,73.7,76.75,16
2016-05-23 00:00:00+05:30,75.05,75.05,75.05,75.05,1183
2016-05-24 00:00:00+05:30,71.05,83.85,71.05,82.45,355
2016-05-25 00:00:00+05:30,82.45,84.55,75.4,84.55,7171
2016-05-26 00:00:00+05:30,84.55,85.9,84.55,85.3,5725
2016-05-27 00:00:00+05:30,102.35,102.35,82.35,89.3,35021
2016-05-30 00:00:00+05:30,87.9,89.1,83.9,83.9,2138
2016-05-31 00:00:00+05:30,83.95,84.55,83.95,84.55,1856
2016-06-01 00:00:00+05:30,82.5,82.85,82.5,82.85,587
2016-06-02 00:00:00+05:30,83.25,83.85,79.8,79.8,5499
2016-06-03 00:00:00+05:30,94.7,94.7,82.15,85.2,2474
2016-06-06 00:00:00+05:30,79.8,86.55,79.8,84.55,331
2016-06-07 00:00:00+05:30,84.55,85.9,78.6,81.15,793
2016-06-08 00:00:00+05:30,81.85,81.9,81.15,81.2,881
2016-06-09 00:00:00+05:30,81.15,84.15,81.15,84.15,1036
2016-06-10 00:00:00+05:30,83.05,83.05,81.15,81.15,1538
2016-06-13 00:00:00+05:30,84.5,84.5,81.15,84.45,1196
2016-06-14 00:00:00+05:30,79.8,81.45,79.8,81.15,2808
2016-06-15 00:00:00+05:30,81.15,81.9,81.15,81.35,1107
2016-06-16 00:00:00+05:30,80.8,83.85,80.8,81.85,3862
2016-06-17 00:00:00+05:30,84.55,84.55,81.15,81.15,1270
2016-06-20 00:00:00+05:30,82.5,82.5,79.15,81.15,1538
2016-06-21 00:00:00+05:30,81.15,84.55,81.15,81.15,2833
2016-06-22 00:00:00+05:30,81.15,82.15,81.15,81.85,4345
2016-06-23 00:00:00+05:30,81.15,81.15,81.15,81.15,2310
2016-06-24 10:00:00+05:30,78.1,79.15,78.1,78.15,8808
2016-06-27 00:00:00+05:30,77.8,81.15,77.8,81.15,1183
2016-06-28 00:00:00+05:30,71.2,83.85,71.2,80.15,920
2016-06-29 00:00:00+05:30,80.5,80.5,80.5,80.5,2218
2016-06-30 00:00:00+05:30,81.0,85.9,81.0,84.55,594
2016-07-01 00:00:00+05:30,83.85,83.85,81.5,83.8,667
2016-07-04 00:00:00+05:30,94.2,99.4,87.9,92.75,5660
2016-07-05 00:00:00+05:30,90.4,98.05,90.3,90.3,4737
2016-07-07 00:00:00+05:30,94.65,94.65,92.0,92.0,2595
2016-07-08 00:00:00+05:30,91.45,91.45,91.3,91.3,1780
2016-07-11 00:00:00+05:30,94.0,97.05,91.3,91.3,2085
2016-07-12 00:00:00+05:30,91.3,91.3,90.0,90.05,4059
2016-07-13 00:00:00+05:30,91.35,92.65,91.3,91.3,10059
2016-07-14 00:00:00+05:30,91.3,93.25,91.3,93.25,2769
2016-07-15 12:00:00+05:30,91.65,92.65,91.65,92.65,103
2016-07-18 00:00:00+05:30,94.35,94.35,94.0,94.0,24
2016-07-19 00:00:00+05:30,93.65,93.65,91.3,91.3,414
2016-07-20 00:00:00+05:30,92.0,92.0,92.0,92.0,739
2016-07-21 00:00:00+05:30,91.35,92.65,91.35,92.65,35
2016-07-22 00:00:00+05:30,91.35,92.65,91.3,91.3,1403
2016-07-25 00:00:00+05:30,100.7,107.45,88.0,99.4,17778
2016-07-26 00:00:00+05:30,108.1,110.8,101.45,101.8,8394
2016-07-27 00:00:00+05:30,104.15,104.15,101.8,103.5,2332
2016-07-28 00:00:00+05:30,101.45,103.95,101.45,103.5,4433
2016-07-29 00:00:00+05:30,103.4,109.55,103.4,108.2,11854
2016-08-01 00:00:00+05:30,115.0,115.0,108.85,108.9,4895
2016-08-02 00:00:00+05:30,110.25,110.25,108.25,108.95,3546
2016-08-03 00:00:00+05:30,108.9,108.95,108.9,108.95,370
2016-08-04 00:00:00+05:30,108.95,111.6,108.95,109.1,5329
2016-08-05 00:00:00+05:30,110.9,111.95,110.25,111.6,13900
2016-08-08 00:00:00+05:30,112.95,115.0,111.0,111.0,5382
2016-08-09 00:00:00+05:30,119.7,128.5,113.6,113.6,1572
2016-08-10 00:00:00+05:30,112.8,114.65,111.0,111.0,1934
2016-08-11 00:00:00+05:30,113.6,114.3,113.6,114.3,887
2016-08-12 00:00:00+05:30,110.95,118.35,101.45,117.7,7675
2016-08-16 00:00:00+05:30,115.0,134.2,109.75,128.1,17966
2016-08-17 00:00:00+05:30,134.45,134.45,122.6,127.1,11110
2016-08-18 00:00:00+05:30,141.3,141.3,123.8,126.45,1782
2016-08-19 00:00:00+05:30,124.45,127.85,124.45,125.1,11830
2016-08-22 00:00:00+05:30,125.1,131.2,125.1,125.95,1110
2016-08-23 00:00:00+05:30,125.1,126.45,120.4,120.4,1382
2016-08-24 00:00:00+05:30,125.1,125.1,121.75,124.05,939
2016-08-25 00:00:00+05:30,121.75,124.1,121.75,123.75,821
2016-08-26 00:00:00+05:30,121.8,121.8,119.7,121.65,2277
2016-08-29 00:00:00+05:30,121.7,121.75,119.05,119.1,1604
2016-08-30 00:00:00+05:30,121.75,123.1,119.7,119.7,2188
2016-08-31 00:00:00+05:30,119.45,121.05,119.45,121.05,865
2016-09-01 00:00:00+05:30,121.75,121.75,117.0,118.35,2932
2016-09-06 00:00:00+05:30,121.05,121.75,117.35,117.35,2249
2016-09-07 00:00:00+05:30,114.3,117.7,114.3,117.35,10728
2016-09-08 00:00:00+05:30,121.75,121.75,118.35,119.05,948
2016-09-12 00:00:00+05:30,115.0,115.0,108.95,108.95,532
2016-09-14 00:00:00+05:30,113.6,120.35,112.95,117.0,312
2016-09-15 00:00:00+05:30,115.65,119.05,115.65,119.05,736
2016-09-16 00:00:00+05:30,125.1,128.5,111.0,111.0,1527
2016-09-19 00:00:00+05:30,118.35,118.35,116.35,116.35,296
2016-09-21 00:00:00+05:30,124.45,124.45,109.55,111.6,2137
2016-09-23 00:00:00+05:30,119.05,124.45,111.6,114.3,1051
2016-09-26 00:00:00+05:30,115.65,115.65,109.9,109.9,140
2016-09-27 00:00:00+05:30,111.6,111.6,111.6,111.6,739
2016-09-28 00:00:00+05:30,114.15,115.0,114.15,115.0,407
2016-09-29 00:00:00+05:30,109.55,117.45,100.1,102.15,1864
2016-09-30 00:00:00+05:30,108.2,116.25,108.2,110.9,56
2016-10-03 00:00:00+05:30,121.05,124.1,112.25,120.4,3226
2016-10-04 00:00:00+05:30,120.4,120.4,116.35,116.65,177
2016-10-05 00:00:00+05:30,116.3,117.0,113.6,115.65,727
2016-10-06 00:00:00+05:30,114.3,114.3,113.95,113.95,140
2016-10-07 00:00:00+05:30,121.05,135.9,118.35,134.0,27161
2016-10-10 00:00:00+05:30,135.35,156.25,132.55,150.8,20864
2016-10-13 00:00:00+05:30,150.8,156.55,125.85,145.4,6838
2016-10-14 00:00:00+05:30,166.7,166.7,145.4,146.5,1354
2016-10-17 00:00:00+05:30,148.75,148.75,142.7,144.05,1412
2016-10-18 00:00:00+05:30,141.95,143.4,132.95,140.7,1811
2016-10-19 00:00:00+05:30,139.45,155.55,128.65,137.0,6427
2016-10-20 00:00:00+05:30,153.2,164.4,146.75,152.35,20301
2016-10-21 00:00:00+05:30,171.1,171.1,148.9,154.2,7789
2016-10-24 00:00:00+05:30,156.9,156.9,146.1,149.45,2511
2016-10-25 00:00:00+05:30,155.55,158.95,152.2,155.55,5454
2016-10-26 00:00:00+05:30,155.55,156.9,151.7,153.55,963
2016-10-27 00:00:00+05:30,152.2,152.2,145.4,151.45,6028
2016-10-28 00:00:00+05:30,162.25,162.25,146.75,146.85,557
2016-10-30 00:00:00+05:30,167.7,167.7,149.9,151.85,878
2016-11-01 00:00:00+05:30,155.55,169.0,154.2,162.3,19444
2016-11-02 00:00:00+05:30,159.6,165.65,157.0,158.95,1961
2016-11-03 00:00:00+05:30,150.35,190.7,150.35,180.75,21550
2016-11-04 00:00:00+05:30,190.05,190.05,159.8,161.65,10691
2016-11-07 00:00:00+05:30,169.0,182.6,166.6,175.85,7646
2016-11-08 00:00:00+05:30,164.35,182.6,162.3,175.8,3207
2016-11-09 00:00:00+05:30,139.55,175.8,139.55,172.65,7600
2016-11-10 00:00:00+05:30,182.55,182.6,173.2,175.9,7082
2016-11-11 00:00:00+05:30,175.85,181.9,162.3,162.35,8828
2016-11-15 00:00:00+05:30,158.95,158.95,132.95,132.95,8342
2016-11-16 00:00:00+05:30,121.75,128.5,106.85,112.95,19555
2016-11-17 00:00:00+05:30,120.55,120.55,114.75,114.8,8589
2016-11-18 00:00:00+05:30,115.0,117.8,114.9,114.9,9430
2016-11-21 00:00:00+05:30,115.65,115.65,106.7,107.85,8740
2016-11-22 00:00:00+05:30,114.95,114.95,101.7,102.8,3220
2016-11-23 00:00:00+05:30,104.85,114.05,101.45,112.6,1872
2016-11-24 00:00:00+05:30,115.0,115.0,105.5,111.6,2828
2016-11-25 00:00:00+05:30,107.55,118.35,105.7,118.35,2037
2016-11-28 00:00:00+05:30,117.55,119.05,116.35,119.05,648
2016-11-29 00:00:00+05:30,118.35,128.9,115.0,128.9,2715
2016-11-30 00:00:00+05:30,127.85,140.25,127.85,133.9,7890
2016-12-01 00:00:00+05:30,133.9,133.9,125.1,133.6,1474
2016-12-02 00:00:00+05:30,125.1,134.5,124.45,124.45,2811
2016-12-05 00:00:00+05:30,118.6,122.4,118.6,119.05,2200
2016-12-06 00:00:00+05:30,124.45,124.45,120.75,120.75,702
2016-12-07 00:00:00+05:30,121.75,121.75,117.7,117.7,1875
2016-12-08 00:00:00+05:30,121.65,121.65,115.8,117.7,662
2016-12-09 00:00:00+05:30,121.05,121.05,115.65,120.05,1181
2016-12-12 00:00:00+05:30,116.35,119.6,115.0,119.05,1039
2016-12-13 00:00:00+05:30,119.35,120.05,115.0,117.7,1028
2016-12-14 00:00:00+05:30,118.2,118.2,114.05,114.05,640
2016-12-15 00:00:00+05:30,110.25,114.65,110.25,112.25,1204
2016-12-16 00:00:00+05:30,115.25,116.35,110.9,110.9,386
2016-12-19 00:00:00+05:30,110.3,114.05,110.25,110.9,272
2016-12-20 00:00:00+05:30,108.6,114.3,104.85,104.85,1057
2016-12-21 00:00:00+05:30,102.2,111.45,102.2,106.25,522
2016-12-22 00:00:00+05:30,111.55,114.85,111.55,112.9,872
2016-12-23 00:00:00+05:30,116.35,121.75,113.6,119.35,1962
2016-12-26 00:00:00+05:30,131.2,131.2,109.05,112.25,1066
2016-12-27 00:00:00+05:30,109.35,114.8,109.35,114.8,61
2016-12-28 00:00:00+05:30,112.6,112.6,111.75,112.25,126
2016-12-29 00:00:00+05:30,122.75,122.75,115.0,122.4,1130
2016-12-30 00:00:00+05:30,128.5,128.5,120.4,122.4,918
2017-01-02 00:00:00+05:30,137.4,137.4,125.1,129.2,3316
2017-01-03 00:00:00+05:30,129.2,131.9,125.1,128.5,4953
2017-01-04 00:00:00+05:30,125.8,128.5,125.8,128.5,451
2017-01-05 00:00:00+05:30,128.5,128.5,125.1,128.15,102
2017-01-06 00:00:00+05:30,125.1,127.85,121.8,127.85,229
2017-01-09 00:00:00+05:30,123.1,129.2,123.1,123.95,2123
2017-01-10 00:00:00+05:30,125.45,125.45,124.5,124.5,1065
2017-01-11 00:00:00+05:30,125.1,131.7,124.5,131.2,1745
2017-01-12 00:00:00+05:30,127.95,133.9,127.95,128.5,370
2017-01-13 00:00:00+05:30,135.25,135.3,131.9,133.25,2139
2017-01-16 00:00:00+05:30,133.25,133.25,131.9,131.9,222
2017-01-17 00:00:00+05:30,130.55,130.55,127.15,127.15,3911
2017-01-18 12:00:00+05:30,130.9,130.9,128.5,129.7,633
2017-01-19 00:00:00+05:30,131.85,131.85,125.8,129.85,535
2017-01-20 00:00:00+05:30,126.45,127.1,123.8,123.8,380
2017-01-23 00:00:00+05:30,128.5,133.75,124.45,131.8,121
2017-01-25 00:00:00+05:30,125.2,128.45,125.2,128.45,651
2017-01-27 00:00:00+05:30,125.1,125.8,120.4,120.4,1925
2017-01-30 00:00:00+05:30,120.4,131.8,120.4,125.1,1181
2017-01-31 00:00:00+05:30,128.85,128.85,128.85,128.85,591
2017-02-01 00:00:00+05:30,123.7,126.2,123.7,126.2,370
2017-02-02 00:00:00+05:30,134.55,134.55,124.1,124.5,688
2017-02-03 00:00:00+05:30,123.65,129.75,123.65,124.8,240
2017-02-06 00:00:00+05:30,127.3,130.65,123.85,127.8,1175
2017-02-07 00:00:00+05:30,104.85,134.5,104.85,128.05,1088
2017-02-08 00:00:00+05:30,125.5,130.45,125.5,130.45,282
2017-02-09 00:00:00+05:30,131.9,131.9,125.8,129.2,2117
2017-02-10 00:00:00+05:30,135.25,145.4,131.9,138.65,9522
2017-02-13 00:00:00+05:30,132.65,138.65,132.65,138.65,507
2017-02-14 00:00:00+05:30,133.25,133.25,128.5,133.15,362
2017-02-15 00:00:00+05:30,117.7,138.65,106.2,112.95,34473
2017-02-16 00:00:00+05:30,114.3,114.3,114.3,114.3,148
2017-02-17 00:00:00+05:30,112.6,123.25,112.6,115.65,735
2017-02-20 00:00:00+05:30,134.6,134.6,100.1,115.3,1956
2017-02-21 00:00:00+05:30,121.75,124.45,112.95,114.75,1854
2017-02-22 00:00:00+05:30,132.55,132.55,103.3,115.0,186
2017-02-23 00:00:00+05:30,113.7,113.7,108.15,108.2,1947
2017-02-27 00:00:00+05:30,113.25,113.25,106.95,106.95,1326
2017-02-28 00:00:00+05:30,108.2,108.2,107.45,107.45,1079
2017-03-01 00:00:00+05:30,104.2,108.2,104.15,106.95,1230
2017-03-02 00:00:00+05:30,104.85,108.2,103.5,104.85,1375
2017-03-03 00:00:00+05:30,103.15,104.85,102.8,104.85,659
2017-03-06 00:00:00+05:30,104.15,106.85,101.45,103.5,3099
2017-03-07 00:00:00+05:30,101.45,104.85,97.4,102.15,3103
2017-03-08 00:00:00+05:30,102.1,102.75,98.4,102.75,1224
2017-03-09 00:00:00+05:30,99.85,99.85,92.65,92.65,671
2017-03-10 00:00:00+05:30,100.75,111.6,98.75,105.5,3334
2017-03-14 00:00:00+05:30,94.0,120.05,94.0,114.9,11756
2017-03-15 00:00:00+05:30,125.1,125.1,113.6,115.95,2480
2017-03-16 00:00:00+05:30,115.4,121.7,108.2,121.05,2953
2017-03-17 00:00:00+05:30,118.35,118.35,113.0,113.2,1953
2017-03-20 00:00:00+05:30,108.9,117.5,108.9,109.7,671
2017-03-21 00:00:00+05:30,111.6,116.35,110.0,115.65,1354
2017-03-22 00:00:00+05:30,116.35,116.35,114.3,114.3,769
2017-03-23 00:00:00+05:30,114.35,115.0,107.6,114.3,1659
2017-03-24 00:00:00+05:30,116.65,116.65,116.65,116.65,74
2017-03-27 00:00:00+05:30,114.3,115.0,112.25,115.0,1433
2017-03-28 00:00:00+05:30,121.75,121.75,112.25,118.35,4529
2017-03-29 00:00:00+05:30,115.0,121.75,115.0,116.35,942
2017-03-30 00:00:00+05:30,121.75,124.45,113.5,124.1,1306
2017-03-31 00:00:00+05:30,121.75,135.95,112.95,133.25,9615
2017-04-03 00:00:00+05:30,125.1,128.45,123.75,123.75,6084
2017-04-05 00:00:00+05:30,135.15,135.15,117.9,121.75,9943
2017-04-06 00:00:00+05:30,133.25,133.25,118.45,120.2,1248
2017-04-07 00:00:00+05:30,128.35,128.35,122.0,125.1,1448
2017-04-10 00:00:00+05:30,123.1,131.9,123.1,129.85,612
2017-04-11 00:00:00+05:30,132.65,132.65,128.5,128.5,4103
2017-04-12 00:00:00+05:30,125.15,126.45,124.45,125.1,4765
2017-04-13 00:00:00+05:30,133.2,133.2,121.75,125.1,4405
2017-04-17 00:00:00+05:30,132.5,132.5,122.5,126.45,1020
2017-04-18 00:00:00+05:30,131.2,131.2,125.2,125.8,1141
2017-04-19 00:00:00+05:30,125.8,128.5,125.8,128.5,118
2017-04-20 00:00:00+05:30,125.1,128.5,125.1,128.5,651
2017-04-21 00:00:00+05:30,131.0,132.55,125.8,126.6,2398
2017-04-24 00:00:00+05:30,131.9,131.9,126.2,126.2,1620
2017-04-25 00:00:00+05:30,126.5,129.85,126.5,127.55,3447
2017-04-26 00:00:00+05:30,129.85,129.85,125.35,129.85,1347
2017-04-27 00:00:00+05:30,155.2,155.2,124.45,129.5,3099
2017-04-28 00:00:00+05:30,137.95,137.95,128.55,128.55,1331
2017-05-02 00:00:00+05:30,135.25,137.3,134.0,134.0,1183
2017-05-03 00:00:00+05:30,131.9,140.0,128.55,140.0,10513
2017-05-04 00:00:00+05:30,145.4,145.4,135.95,143.4,336
2017-05-05 00:00:00+05:30,136.65,143.4,136.6,138.65,1156
2017-05-08 00:00:00+05:30,141.95,158.95,138.65,155.55,9208
2017-05-09 00:00:00+05:30,155.55,161.65,152.2,155.55,2493
2017-05-10 00:00:00+05:30,152.2,158.85,152.2,155.6,6818
2017-05-11 00:00:00+05:30,155.9,161.65,152.9,156.9,3092
2017-05-12 00:00:00+05:30,148.8,177.2,148.8,174.65,17525
2017-05-15 00:00:00+05:30,165.7,179.25,165.7,176.95,7316
2017-05-16 00:00:00+05:30,179.25,185.3,176.2,185.3,4403
2017-05-17 00:00:00+05:30,180.6,199.5,180.6,190.05,7607
2017-05-18 00:00:00+05:30,199.5,204.4,179.35,186.05,19545
2017-05-19 00:00:00+05:30,198.85,198.85,191.05,194.1,6319
2017-05-22 00:00:00+05:30,202.2,202.2,189.35,192.75,6929
2017-05-23 00:00:00+05:30,191.4,192.1,183.3,191.4,1516
2017-05-24 00:00:00+05:30,192.1,208.8,179.9,201.55,12961
2017-05-25 00:00:00+05:30,202.15,202.15,175.85,189.25,1584
2017-05-26 00:00:00+05:30,196.05,202.1,186.35,202.1,8089
2017-05-29 00:00:00+05:30,159.3,175.15,156.65,156.65,32196
2017-05-30 00:00:00+05:30,135.25,152.15,135.25,148.15,17927
2017-05-31 00:00:00+05:30,160.95,160.95,150.15,156.8,584
2017-06-01 00:00:00+05:30,165.05,165.05,146.1,146.15,2097
2017-06-02 00:00:00+05:30,158.65,158.65,142.05,142.05,1955
2017-06-05 00:00:00+05:30,153.45,153.45,144.95,145.4,2295
2017-06-06 00:00:00+05:30,158.25,158.25,135.95,147.45,8089
2017-06-07 00:00:00+05:30,158.2,158.2,151.3,151.3,30
2017-06-08 00:00:00+05:30,155.5,155.5,143.4,150.0,532
2017-06-09 00:00:00+05:30,148.8,148.8,148.8,148.8,763
2017-06-12 00:00:00+05:30,148.8,148.8,141.5,141.5,217
2017-06-13 00:00:00+05:30,143.1,148.75,140.7,148.1,2129
2017-06-14 00:00:00+05:30,148.55,148.55,142.05,142.05,3432
2017-06-15 00:00:00+05:30,142.05,155.4,142.05,155.4,223
2017-06-16 00:00:00+05:30,155.3,155.4,153.1,154.8,1875
2017-06-19 00:00:00+05:30,143.45,158.25,143.45,144.75,954
2017-06-20 00:00:00+05:30,154.15,154.15,143.4,151.5,1983
2017-06-22 00:00:00+05:30,142.4,147.05,142.25,142.25,2301
2017-06-23 00:00:00+05:30,142.2,144.65,138.3,144.6,444
2017-06-27 00:00:00+05:30,140.05,143.3,135.45,143.3,1366
2017-06-28 00:00:00+05:30,143.4,143.4,141.9,143.3,163
2017-06-29 00:00:00+05:30,148.1,148.1,136.1,142.05,237
2017-06-30 00:00:00+05:30,137.45,141.9,137.45,141.9,111
2017-07-03 00:00:00+05:30,142.05,144.65,142.05,144.6,296
2017-07-04 00:00:00+05:30,143.4,146.65,143.4,146.65,222
2017-07-05 00:00:00+05:30,146.75,146.75,146.75,146.75,349
2017-07-06 00:00:00+05:30,146.75,146.75,142.7,146.1,486
2017-07-07 00:00:00+05:30,145.75,145.75,142.05,142.05,135
2017-07-10 00:00:00+05:30,150.15,150.15,142.75,150.15,108
2017-07-11 00:00:00+05:30,150.15,150.15,137.05,147.45,2781
2017-07-12 00:00:00+05:30,140.05,142.35,138.65,138.65,1226
2017-07-13 00:00:00+05:30,136.0,147.35,134.6,137.8,4202
2017-07-14 00:00:00+05:30,140.5,140.5,135.25,137.65,321
2017-07-17 00:00:00+05:30,135.25,135.25,135.25,135.25,444
2017-07-18 00:00:00+05:30,135.25,135.25,132.55,132.55,237
2017-07-19 00:00:00+05:30,130.05,131.9,126.55,126.55,379
2017-07-20 00:00:00+05:30,130.55,139.8,125.95,135.35,466
2017-07-21 00:00:00+05:30,135.25,135.25,135.25,135.25,334
2017-07-24 00:00:00+05:30,135.25,135.25,135.25,135.25,739
2017-07-25 00:00:00+05:30,129.2,131.9,128.5,128.5,503
2017-07-26 00:00:00+05:30,123.5,128.5,123.5,125.1,3353
2017-07-27 00:00:00+05:30,125.95,134.55,125.45,128.5,506
2017-07-28 00:00:00+05:30,127.85,127.85,127.85,127.85,296
2017-07-31 00:00:00+05:30,128.45,128.45,125.85,125.85,479
2017-08-01 00:00:00+05:30,128.5,130.7,121.75,121.75,912
2017-08-02 00:00:00+05:30,127.15,127.15,127.15,127.15,12
2017-08-04 00:00:00+05:30,128.5,128.5,121.8,121.8,222
2017-08-07 00:00:00+05:30,123.75,125.1,123.75,125.1,813
2017-08-09 00:00:00+05:30,117.0,117.0,116.35,116.35,902
2017-08-10 00:00:00+05:30,115.0,118.35,115.0,118.35,404
2017-08-14 00:00:00+05:30,139.85,139.85,139.85,139.85,1
2017-08-16 00:00:00+05:30,167.05,167.05,113.0,125.1,519
2017-08-17 00:00:00+05:30,124.9,124.9,124.9,124.9,74
2017-08-21 00:00:00+05:30,128.45,128.45,121.75,121.75,81
2017-08-22 00:00:00+05:30,133.9,133.9,108.3,125.1,358
2017-08-23 00:00:00+05:30,138.6,138.6,138.6,138.6,1
2017-08-24 00:00:00+05:30,140.7,140.7,110.9,110.9,73784
2017-08-28 00:00:00+05:30,110.9,120.05,103.5,115.0,10925
2017-08-29 00:00:00+05:30,113.6,113.95,111.6,111.6,2530
2017-08-30 00:00:00+05:30,108.55,110.4,108.55,108.6,1980
2017-08-31 00:00:00+05:30,109.9,110.9,109.9,110.9,5073
2017-09-01 00:00:00+05:30,110.9,110.9,110.25,110.25,608
2017-09-04 00:00:00+05:30,115.0,118.35,115.0,115.0,2627
2017-09-05 00:00:00+05:30,115.0,116.35,115.0,115.0,3016
2017-09-06 00:00:00+05:30,111.6,115.65,111.55,115.0,1601
2017-09-07 00:00:00+05:30,115.0,121.05,115.0,118.35,1841
2017-09-08 00:00:00+05:30,120.4,121.75,115.0,121.05,1532
2017-09-11 00:00:00+05:30,131.35,141.2,125.85,141.2,25526
2017-09-12 00:00:00+05:30,152.85,158.95,142.0,158.95,22984
2017-09-13 00:00:00+05:30,166.85,166.85,135.25,138.2,7065
2017-09-14 00:00:00+05:30,138.65,145.4,132.35,132.35,1146
2017-09-15 00:00:00+05:30,133.9,136.6,133.9,135.25,194
2017-09-18 00:00:00+05:30,130.55,135.15,130.55,132.9,2341
2017-09-19 00:00:00+05:30,132.55,134.4,130.8,133.25,2103
2017-09-20 00:00:00+05:30,129.2,135.25,128.65,129.2,2123
2017-09-21 00:00:00+05:30,130.55,135.25,130.55,135.25,739
2017-09-22 00:00:00+05:30,161.65,161.65,124.45,131.95,2066
2017-09-25 00:00:00+05:30,128.5,135.8,128.5,135.8,1183
2017-09-26 00:00:00+05:30,129.2,129.2,128.5,128.5,467
2017-09-27 00:00:00+05:30,129.85,129.85,129.85,129.85,754
2017-09-28 00:00:00+05:30,127.2,135.25,127.2,135.25,1495
2017-09-29 00:00:00+05:30,135.95,135.95,135.95,135.95,586
2017-10-03 00:00:00+05:30,140.65,140.65,135.1,136.45,75
2017-10-04 00:00:00+05:30,130.7,131.2,130.7,131.2,370
2017-10-05 00:00:00+05:30,129.85,140.0,129.85,138.65,2545
2017-10-06 00:00:00+05:30,135.95,139.25,135.25,139.25,1715
2017-10-09 00:00:00+05:30,132.4,140.65,132.4,135.25,1175
2017-10-10 00:00:00+05:30,135.45,135.45,135.25,135.25,222
2017-10-11 00:00:00+05:30,135.25,135.3,129.5,131.2,1641
2017-10-12 00:00:00+05:30,135.25,137.65,128.65,128.65,1641
2017-10-13 00:00:00+05:30,135.25,137.3,133.25,136.6,49
2017-10-16 00:00:00+05:30,136.6,136.6,133.25,133.25,500
2017-10-17 00:00:00+05:30,133.25,133.25,131.9,133.25,1050
2017-10-18 00:00:00+05:30,140.7,140.7,132.1,136.75,6234
2017-10-19 00:00:00+05:30,136.3,139.9,133.3,135.25,1390
2017-10-23 00:00:00+05:30,133.75,135.25,128.5,128.5,6708
2017-10-24 00:00:00+05:30,128.65,130.35,125.45,128.6,3098
2017-10-25 00:00:00+05:30,128.6,133.25,115.0,121.75,23451
2017-10-26 00:00:00+05:30,129.8,130.55,121.75,123.95,8515
2017-10-27 00:00:00+05:30,127.15,127.15,124.2,124.7,510
2017-10-30 00:00:00+05:30,125.2,138.45,125.1,134.55,2586
2017-10-31 00:00:00+05:30,134.6,134.6,128.7,132.55,816
2017-11-01 00:00:00+05:30,130.05,133.9,130.05,131.9,983
2017-11-02 00:00:00+05:30,133.9,136.55,132.9,136.0,4362
2017-11-03 00:00:00+05:30,136.0,143.2,134.95,138.65,3200
2017-11-06 00:00:00+05:30,138.65,140.0,136.05,139.95,880
2017-11-07 00:00:00+05:30,151.75,154.15,137.4,137.75,1751
2017-11-08 00:00:00+05:30,137.95,137.95,137.95,137.95,49
2017-11-09 00:00:00+05:30,132.65,143.35,132.55,141.35,5357
2017-11-10 00:00:00+05:30,135.25,146.05,135.25,137.3,19663
2017-11-13 00:00:00+05:30,165.7,165.7,137.5,138.05,2746
2017-11-14 00:00:00+05:30,138.65,138.65,127.15,128.55,3259
2017-11-15 00:00:00+05:30,127.35,132.6,127.35,132.6,96
2017-11-16 00:00:00+05:30,127.5,129.15,127.2,129.15,713
2017-11-17 00:00:00+05:30,127.3,131.9,127.3,131.9,436
2017-11-20 00:00:00+05:30,133.9,155.55,129.35,131.9,15878
2017-11-21 00:00:00+05:30,131.9,131.9,129.5,129.7,7260
2017-11-22 00:00:00+05:30,129.2,129.2,127.85,128.0,4827
2017-11-23 00:00:00+05:30,127.15,131.85,127.15,127.5,2441
2017-11-24 00:00:00+05:30,127.5,129.85,127.25,128.5,510
2017-11-27 00:00:00+05:30,128.5,131.9,128.5,131.9,926
2017-11-28 00:00:00+05:30,129.85,132.55,129.85,129.95,12497
2017-11-29 00:00:00+05:30,129.2,132.55,129.2,130.55,909
2017-11-30 00:00:00+05:30,133.15,133.15,126.95,128.5,223
2017-12-01 00:00:00+05:30,131.9,131.9,126.2,126.2,815
2017-12-02 00:00:00+05:30,124.45,127.15,124.45,125.8,308
2017-12-04 00:00:00+05:30,127.95,131.9,127.95,131.9,736
2017-12-05 00:00:00+05:30,128.5,131.9,126.5,131.9,803
2017-12-06 00:00:00+05:30,128.5,131.9,128.5,130.55,1241
2017-12-07 00:00:00+05:30,130.3,130.55,130.3,130.55,133
2017-12-08 00:00:00+05:30,128.5,128.5,128.5,128.5,37
2017-12-11 00:00:00+05:30,143.4,154.2,143.4,148.8,6750
2017-12-12 00:00:00+05:30,152.2,162.3,151.5,151.5,155
2017-12-13 00:00:00+05:30,142.7,153.5,139.35,141.95,1217
2017-12-14 00:00:00+05:30,152.2,152.2,138.8,142.05,1258
2017-12-15 00:00:00+05:30,137.3,138.7,137.3,138.7,96
2017-12-18 00:00:00+05:30,135.95,136.2,135.95,136.2,370
2017-12-19 00:00:00+05:30,136.65,139.35,136.3,136.3,302
2017-12-21 00:00:00+05:30,142.0,142.05,138.75,138.75,149
2017-12-22 00:00:00+05:30,148.1,148.8,142.05,142.7,2549
2017-12-26 00:00:00+05:30,142.05,142.05,142.05,142.05,739
2017-12-27 00:00:00+05:30,142.05,145.4,142.05,145.4,680
2017-12-28 00:00:00+05:30,144.75,144.75,144.75,144.75,649
2017-12-29 00:00:00+05:30,143.4,146.1,142.05,142.75,1019
2018-01-01 00:00:00+05:30,155.4,155.4,142.55,145.4,142
2018-01-02 00:00:00+05:30,146.1,146.1,146.1,146.1,234
2018-01-03 00:00:00+05:30,140.8,151.45,140.8,146.1,3135
2018-01-04 00:00:00+05:30,146.2,146.2,146.2,146.2,74
2018-01-05 00:00:00+05:30,146.1,146.75,146.1,146.75,118
2018-01-08 00:00:00+05:30,146.75,152.2,145.4,149.8,1013
2018-01-09 00:00:00+05:30,146.1,146.1,146.1,146.1,74
2018-01-10 00:00:00+05:30,146.1,146.1,146.1,146.1,182
2018-01-11 00:00:00+05:30,146.15,147.45,146.15,146.2,2499
2018-01-12 00:00:00+05:30,146.1,148.8,146.1,148.8,1637
2018-01-15 00:00:00+05:30,146.15,154.8,146.15,146.85,427
2018-01-16 00:00:00+05:30,175.85,175.85,141.45,148.8,64
2018-01-17 00:00:00+05:30,148.1,148.8,148.1,148.1,1020
2018-01-18 00:00:00+05:30,177.75,177.75,146.75,148.8,4201
2018-01-19 00:00:00+05:30,147.45,148.8,147.45,148.8,887
2018-01-22 00:00:00+05:30,148.8,160.95,146.1,146.8,470
2018-01-23 00:00:00+05:30,175.45,175.45,146.75,148.8,945
2018-01-24 00:00:00+05:30,148.8,150.8,148.8,148.8,408
2018-01-25 00:00:00+05:30,146.1,146.1,146.1,146.1,761
2018-01-29 00:00:00+05:30,169.75,169.75,140.0,140.7,6671
2018-01-30 00:00:00+05:30,167.75,167.75,136.3,143.2,56
2018-01-31 00:00:00+05:30,142.05,142.05,142.05,142.05,148
2018-02-01 00:00:00+05:30,142.6,145.4,142.6,145.4,201
2018-02-02 00:00:00+05:30,145.4,145.4,129.95,145.3,858
2018-02-05 00:00:00+05:30,127.65,138.6,125.8,130.05,1199
2018-02-06 00:00:00+05:30,135.95,135.95,135.95,135.95,3
2018-02-07 00:00:00+05:30,133.9,133.9,133.9,133.9,59
2018-02-12 00:00:00+05:30,128.55,134.0,128.55,134.0,390
2018-02-14 00:00:00+05:30,128.15,128.15,120.4,120.4,4422
2018-02-15 00:00:00+05:30,110.9,140.55,110.9,121.65,1764
2018-02-19 00:00:00+05:30,128.35,128.35,128.35,128.35,7
2018-02-23 00:00:00+05:30,121.75,128.5,121.75,128.5,414
2018-02-27 00:00:00+05:30,153.9,153.9,122.5,125.0,102
2018-03-05 00:00:00+05:30,130.5,130.5,130.5,130.5,22
2018-03-06 00:00:00+05:30,119.1,129.2,119.1,122.4,8962
2018-03-08 00:00:00+05:30,111.3,118.35,111.3,118.35,195
2018-03-12 00:00:00+05:30,118.35,118.35,118.35,118.35,74
2018-03-13 00:00:00+05:30,118.45,118.45,118.45,118.45,390
2018-03-15 00:00:00+05:30,121.75,121.75,118.35,118.35,118
2018-03-16 00:00:00+05:30,118.35,118.5,118.35,118.4,1153
2018-03-19 00:00:00+05:30,118.35,121.75,118.35,118.45,1686
2018-03-20 00:00:00+05:30,118.0,118.0,118.0,118.0,738
2018-03-23 00:00:00+05:30,114.4,116.35,114.3,116.35,3102
2018-04-04 00:00:00+05:30,134.6,134.6,134.6,134.6,30
2018-04-06 00:00:00+05:30,127.85,128.5,127.85,128.5,519
2018-04-09 00:00:00+05:30,133.9,133.9,133.9,133.9,1
2018-04-10 00:00:00+05:30,131.9,134.6,131.9,131.9,580
2018-04-11 00:00:00+05:30,131.9,132.55,131.9,132.55,222
2018-04-12 00:00:00+05:30,131.9,131.9,131.9,131.9,7
2018-04-13 00:00:00+05:30,131.9,131.9,131.9,131.9,25
2018-04-16 00:00:00+05:30,131.9,131.9,128.5,131.9,392
2018-04-18 00:00:00+05:30,131.9,131.9,131.9,131.9,101
2018-04-19 00:00:00+05:30,134.85,134.85,134.85,134.85,148
2018-04-20 00:00:00+05:30,132.6,132.6,132.6,132.6,591
2018-04-23 00:00:00+05:30,133.9,138.65,133.9,138.65,30
2018-04-25 00:00:00+05:30,138.65,138.65,135.25,135.25,333
2018-04-30 00:00:00+05:30,135.25,135.25,135.25,135.25,764
2018-05-04 00:00:00+05:30,135.25,135.25,135.25,135.25,296
2018-05-07 00:00:00+05:30,135.25,135.25,135.25,135.25,569
2018-05-09 00:00:00+05:30,128.85,128.85,128.85,128.85,118
2018-05-10 00:00:00+05:30,131.9,131.9,131.9,131.9,486
2018-05-11 00:00:00+05:30,131.9,131.9,131.9,131.9,2942
2018-05-15 00:00:00+05:30,131.9,131.9,131.9,131.9,571
2018-05-16 00:00:00+05:30,137.95,137.95,137.9,137.9,74
2018-05-17 00:00:00+05:30,139.5,139.65,132.65,139.35,2151
2018-05-18 00:00:00+05:30,146.3,146.3,146.3,146.3,22415
2018-05-21 00:00:00+05:30,153.55,153.55,139.0,144.7,1643
2018-05-22 00:00:00+05:30,140.35,150.15,140.35,150.15,3245
2018-05-23 00:00:00+05:30,157.6,157.6,142.7,150.0,5215
2018-05-24 00:00:00+05:30,142.9,153.6,142.9,144.75,371
2018-05-25 00:00:00+05:30,150.8,150.8,143.15,145.3,9347
2018-05-28 00:00:00+05:30,142.7,143.4,141.45,141.8,3671
2018-05-29 00:00:00+05:30,141.8,148.75,135.6,146.45,312
2018-05-30 00:00:00+05:30,147.35,148.8,147.35,148.8,2241
2018-05-31 00:00:00+05:30,144.75,154.8,141.35,142.05,1313
2018-06-01 00:00:00+05:30,142.05,142.05,142.05,142.05,4294
2018-06-04 00:00:00+05:30,142.05,142.05,141.7,142.05,1205
2018-06-05 00:00:00+05:30,141.35,142.05,139.1,139.1,4572
2018-06-06 00:00:00+05:30,139.1,141.4,139.1,141.35,4536
2018-06-07 00:00:00+05:30,139.65,141.35,139.35,141.35,4995
2018-06-08 00:00:00+05:30,137.4,137.4,137.4,137.4,732
2018-06-11 00:00:00+05:30,137.95,144.25,137.95,144.25,2267
2018-06-12 00:00:00+05:30,148.75,148.75,142.35,142.35,510
2018-06-15 00:00:00+05:30,138.85,145.4,138.85,145.4,516
2018-06-18 00:00:00+05:30,145.4,145.4,145.4,145.4,980
2018-06-19 00:00:00+05:30,141.35,141.35,141.35,141.35,856
2018-06-20 00:00:00+05:30,145.4,148.4,142.35,148.4,7369
2018-06-21 00:00:00+05:30,144.45,144.45,144.4,144.4,9
2018-06-22 00:00:00+05:30,138.9,138.9,138.9,138.9,15
2018-06-25 00:00:00+05:30,145.4,145.8,145.4,145.4,229
2018-06-26 00:00:00+05:30,151.45,151.45,151.45,151.45,1
2018-06-27 00:00:00+05:30,150.8,157.5,150.8,155.55,6807
2018-06-28 00:00:00+05:30,155.55,160.85,155.55,155.55,3009
2018-06-29 00:00:00+05:30,155.6,158.95,155.55,158.95,395
2018-07-02 00:00:00+05:30,155.55,156.25,155.55,155.55,1465
2018-07-03 00:00:00+05:30,155.55,155.55,155.55,155.55,384
2018-07-04 00:00:00+05:30,156.9,158.95,155.6,155.6,374
2018-07-05 00:00:00+05:30,156.9,156.9,155.55,155.55,59
2018-07-06 00:00:00+05:30,155.55,158.85,155.55,155.6,183
2018-07-10 00:00:00+05:30,155.55,162.1,155.55,162.1,557
2018-07-11 00:00:00+05:30,156.9,156.9,156.9,156.9,306
2018-07-12 00:00:00+05:30,155.55,156.25,155.55,156.25,776
2018-07-13 00:00:00+05:30,155.6,155.6,155.6,155.6,444
2018-07-16 00:00:00+05:30,160.95,163.0,155.55,155.55,4561
2018-07-17 00:00:00+05:30,155.55,155.55,155.55,155.55,186
2018-07-19 00:00:00+05:30,155.55,156.25,155.55,155.55,1774
2018-07-20 00:00:00+05:30,163.0,163.0,163.0,163.0,188
2018-07-23 00:00:00+05:30,155.6,167.7,155.6,167.7,231
2018-07-24 00:00:00+05:30,162.3,162.3,162.3,162.3,355
2018-07-25 00:00:00+05:30,165.7,169.1,165.7,169.1,1479
2018-07-26 00:00:00+05:30,168.4,175.85,163.65,175.85,3257
2018-07-27 00:00:00+05:30,179.15,179.85,167.05,167.05,390
2018-07-30 00:00:00+05:30,162.3,162.3,162.3,162.3,74
2018-07-31 00:00:00+05:30,162.3,163.65,162.3,163.65,333
2018-08-01 00:00:00+05:30,165.7,171.85,165.7,171.8,1147
2018-08-02 00:00:00+05:30,177.75,177.75,161.05,163.65,1230
2018-08-03 00:00:00+05:30,156.25,171.9,156.25,171.9,736
2018-08-06 00:00:00+05:30,163.65,180.5,163.65,180.5,2230
2018-08-07 00:00:00+05:30,167.85,192.3,167.85,191.95,905
2018-08-08 00:00:00+05:30,189.3,189.3,186.0,187.9,764
2018-08-09 00:00:00+05:30,183.95,183.95,176.85,176.85,1915
2018-08-13 00:00:00+05:30,191.35,191.35,182.6,182.6,1641
2018-08-16 00:00:00+05:30,186.0,186.0,182.6,183.95,4584
2018-08-17 00:00:00+05:30,186.0,194.8,183.3,194.1,6986
2018-08-20 00:00:00+05:30,200.85,200.85,190.75,199.5,376
2018-08-21 00:00:00+05:30,202.9,202.9,202.85,202.9,957
2018-08-23 00:00:00+05:30,204.25,209.65,202.9,202.9,1104
2018-08-24 00:00:00+05:30,207.6,207.6,202.9,202.9,15
2018-08-27 00:00:00+05:30,209.6,209.65,195.65,203.6,1189
2018-08-28 00:00:00+05:30,223.95,223.95,193.45,193.45,4799
2018-08-29 00:00:00+05:30,192.9,199.5,192.8,199.3,1005
2018-08-30 00:00:00+05:30,202.9,202.9,202.9,202.9,1479
2018-08-31 13:00:00+05:30,202.2,202.9,202.2,202.9,340
2018-09-03 00:00:00+05:30,202.9,202.9,196.15,202.75,1039
2018-09-04 00:00:00+05:30,193.55,195.45,189.35,189.35,355
2018-09-05 00:00:00+05:30,182.6,182.6,182.6,182.6,222
2018-09-06 00:00:00+05:30,185.95,189.35,182.9,186.0,13767
2018-09-07 00:00:00+05:30,189.35,189.35,186.65,186.65,1263
2018-09-10 00:00:00+05:30,189.35,189.35,180.6,189.35,2103
2018-09-11 00:00:00+05:30,186.0,186.0,186.0,186.0,370
2018-09-12 00:00:00+05:30,168.45,186.0,168.45,177.9,177
2018-09-14 00:00:00+05:30,182.6,189.35,174.65,189.35,1331
2018-09-17 00:00:00+05:30,207.85,207.85,176.6,195.25,133
2018-09-19 00:00:00+05:30,202.85,202.85,202.85,202.85,15
2018-09-21 00:00:00+05:30,215.6,215.7,182.6,182.6,2660
2018-09-24 00:00:00+05:30,167.45,188.7,165.05,188.7,1320
2018-09-25 00:00:00+05:30,184.35,184.35,166.4,179.9,138
2018-09-26 00:00:00+05:30,175.85,175.85,169.1,169.1,600
2018-09-27 00:00:00+05:30,185.2,185.2,184.65,184.65,30
2018-09-28 00:00:00+05:30,183.95,183.95,166.2,166.2,263
2018-10-01 00:00:00+05:30,167.75,169.1,151.55,169.1,99
2018-10-03 00:00:00+05:30,185.2,185.2,158.4,158.4,106
2018-10-04 00:00:00+05:30,162.3,162.3,158.95,158.95,458
2018-10-05 00:00:00+05:30,148.8,161.3,145.2,161.3,667
2018-10-08 00:00:00+05:30,175.7,175.7,175.7,175.7,74
2018-10-09 00:00:00+05:30,202.2,202.2,182.6,188.0,386
2018-10-10 00:00:00+05:30,182.6,182.6,165.75,165.75,299
2018-10-11 00:00:00+05:30,135.25,188.25,135.25,148.8,1106
2018-10-12 00:00:00+05:30,165.05,173.7,150.15,150.85,1280
2018-10-15 00:00:00+05:30,167.75,172.35,164.95,164.95,6
2018-10-16 00:00:00+05:30,155.55,176.85,155.55,169.1,531
2018-10-17 00:00:00+05:30,156.3,172.45,156.3,172.45,1187
2018-10-19 00:00:00+05:30,152.25,172.45,152.25,172.45,18
2018-10-22 00:00:00+05:30,147.5,192.75,147.5,157.1,994
2018-10-23 00:00:00+05:30,140.35,182.9,140.35,169.1,2917
2018-10-24 00:00:00+05:30,150.15,186.0,144.25,177.2,120
2018-10-25 00:00:00+05:30,149.45,174.5,149.45,174.5,3
2018-10-26 00:00:00+05:30,187.0,187.0,159.75,159.75,185
2018-10-29 00:00:00+05:30,136.6,186.0,136.6,163.65,2281
2018-10-30 00:00:00+05:30,181.95,181.95,163.0,163.0,6
2018-10-31 00:00:00+05:30,179.25,186.0,179.25,186.0,1479
2018-11-01 00:00:00+05:30,192.75,203.6,186.65,197.5,8271
2018-11-02 00:00:00+05:30,202.9,203.6,189.35,202.2,5567
2018-11-05 00:00:00+05:30,241.4,242.0,214.4,221.5,17443
2018-11-06 00:00:00+05:30,229.9,229.9,207.65,207.65,5209
2018-11-07 00:00:00+05:30,223.15,223.15,213.05,213.05,58
2018-11-09 00:00:00+05:30,226.55,229.9,213.05,215.75,1174
2018-11-12 00:00:00+05:30,223.85,228.6,221.15,224.55,1502
2018-11-13 00:00:00+05:30,216.45,216.5,211.4,211.4,1272
2018-11-14 00:00:00+05:30,228.6,236.7,211.4,211.95,1733
2018-11-15 00:00:00+05:30,216.45,226.55,210.35,211.0,1004
2018-11-16 00:00:00+05:30,213.05,223.1,196.15,201.5,2555
2018-11-19 00:00:00+05:30,199.5,223.2,199.5,199.6,2237
2018-11-20 00:00:00+05:30,221.85,222.5,202.9,202.9,445
2018-11-21 00:00:00+05:30,202.9,206.3,189.65,196.15,591
2018-11-22 00:00:00+05:30,211.0,211.0,193.75,194.2,952
2018-11-26 00:00:00+05:30,215.75,225.9,196.15,200.85,331
2018-11-27 00:00:00+05:30,216.4,216.4,187.35,194.8,489
2018-11-28 00:00:00+05:30,202.9,206.25,187.4,200.75,146
2018-11-29 00:00:00+05:30,204.1,204.1,191.45,192.75,238
2018-11-30 00:00:00+05:30,202.1,202.1,160.6,183.85,2536
2018-12-03 00:00:00+05:30,200.85,201.8,177.25,186.0,1248
2018-12-04 00:00:00+05:30,202.85,202.85,189.35,189.35,244
2018-12-05 00:00:00+05:30,195.0,195.45,181.1,186.0,432
2018-12-06 00:00:00+05:30,186.0,186.0,175.85,182.6,637
2018-12-07 00:00:00+05:30,182.6,182.6,173.85,181.85,191
2018-12-10 00:00:00+05:30,172.45,185.95,172.45,185.75,472
2018-12-11 00:00:00+05:30,188.55,188.55,188.55,188.55,7
2018-12-12 00:00:00+05:30,188.55,195.45,188.55,190.35,2073
2018-12-13 00:00:00+05:30,189.35,192.75,189.35,189.35,237
2018-12-14 00:00:00+05:30,192.75,192.75,192.75,192.75,1
2018-12-17 00:00:00+05:30,184.3,184.3,183.95,183.95,575
2018-12-18 00:00:00+05:30,195.45,195.45,194.1,194.6,120
2018-12-19 00:00:00+05:30,201.55,201.55,201.55,201.55,1
2018-12-20 00:00:00+05:30,185.9,200.2,185.9,200.2,46
2018-12-24 00:00:00+05:30,198.15,198.15,173.35,186.0,639
2018-12-26 00:00:00+05:30,195.45,195.45,189.35,192.55,151
2018-12-27 00:00:00+05:30,201.55,201.55,201.55,201.55,1
2018-12-28 00:00:00+05:30,175.15,198.85,175.15,181.6,16777
2018-12-31 00:00:00+05:30,179.25,189.3,175.85,189.3,535
2019-01-01 00:00:00+05:30,189.35,196.15,182.7,189.35,1937
2019-01-02 00:00:00+05:30,184.65,194.75,179.9,180.75,643
2019-01-03 00:00:00+05:30,201.5,201.5,174.2,186.75,305
2019-01-04 00:00:00+05:30,175.9,187.95,175.9,187.8,210
2019-01-07 00:00:00+05:30,174.3,188.3,160.95,176.0,1762
2019-01-08 00:00:00+05:30,185.25,185.25,170.7,176.6,572
2019-01-09 00:00:00+05:30,185.25,185.25,183.2,183.3,120
2019-01-10 00:00:00+05:30,185.25,185.95,179.55,179.6,303
2019-01-11 00:00:00+05:30,185.9,189.35,182.6,184.6,318
2019-01-14 00:00:00+05:30,169.8,183.95,169.75,179.0,994
2019-01-15 00:00:00+05:30,192.35,192.35,179.55,181.95,172
2019-01-16 00:00:00+05:30,192.35,196.15,182.6,183.4,3312
2019-01-17 00:00:00+05:30,185.8,185.8,176.75,185.3,815
2019-01-18 00:00:00+05:30,182.6,182.6,182.6,182.6,37
2019-01-21 00:00:00+05:30,185.3,185.3,185.3,185.3,74
2019-01-22 00:00:00+05:30,176.05,184.35,175.85,183.85,417
2019-01-23 00:00:00+05:30,181.2,181.25,181.2,181.25,148
2019-01-24 00:00:00+05:30,170.75,176.5,170.75,176.5,111
2019-01-25 00:00:00+05:30,173.15,181.25,171.8,172.35,334
2019-01-28 00:00:00+05:30,165.9,165.9,165.9,165.9,15
2019-01-29 00:00:00+05:30,175.85,175.85,175.85,175.85,9
2019-01-30 00:00:00+05:30,179.25,179.25,163.05,179.05,346
2019-01-31 00:00:00+05:30,169.1,180.4,165.7,170.7,1484
2019-02-01 00:00:00+05:30,169.1,181.8,169.1,172.45,2661
2019-02-04 00:00:00+05:30,174.5,179.9,163.65,166.3,994
2019-02-05 00:00:00+05:30,166.4,174.5,166.4,174.35,105
2019-02-06 00:00:00+05:30,144.15,181.85,143.85,163.7,2357
2019-02-07 00:00:00+05:30,177.2,177.2,156.9,162.3,2969
2019-02-08 00:00:00+05:30,162.3,162.3,152.3,156.55,433
2019-02-11 00:00:00+05:30,127.6,165.7,127.6,160.9,55
2019-02-12 00:00:00+05:30,151.5,151.5,145.4,145.85,426
2019-02-13 00:00:00+05:30,168.0,168.0,149.45,149.45,86
2019-02-14 00:00:00+05:30,168.0,168.0,142.05,150.15,167
2019-02-15 00:00:00+05:30,138.7,168.0,138.7,147.45,41
2019-02-18 00:00:00+05:30,145.4,153.5,138.65,143.2,1462
2019-02-19 00:00:00+05:30,142.7,157.55,138.05,141.25,646
2019-02-20 00:00:00+05:30,154.8,154.8,138.1,142.7,206
2019-02-21 00:00:00+05:30,153.55,153.55,140.0,153.55,33
2019-02-25 00:00:00+05:30,154.2,154.2,154.2,154.2,30
2019-02-26 00:00:00+05:30,147.45,153.55,147.45,153.5,3763
2019-02-28 00:00:00+05:30,148.8,148.95,148.8,148.95,1161
2019-03-01 00:00:00+05:30,150.15,159.6,150.15,152.5,5469
2019-03-05 00:00:00+05:30,154.9,155.5,148.8,151.75,1465
2019-03-06 00:00:00+05:30,173.05,173.05,149.9,153.85,520
2019-03-07 00:00:00+05:30,148.8,154.15,148.8,150.8,191
2019-03-08 00:00:00+05:30,141.85,158.15,141.75,152.2,1357
2019-03-11 00:00:00+05:30,152.85,152.85,146.3,152.0,200
2019-03-12 00:00:00+05:30,174.1,174.1,152.85,156.65,875
2019-03-13 00:00:00+05:30,163.6,163.6,147.45,148.15,4569
2019-03-14 00:00:00+05:30,161.15,161.15,148.8,152.45,1598
2019-03-15 00:00:00+05:30,162.3,162.3,152.2,153.7,1681
2019-03-18 00:00:00+05:30,164.95,164.95,152.2,152.2,81
2019-03-19 00:00:00+05:30,163.65,163.65,146.0,161.6,325
2019-03-20 00:00:00+05:30,152.2,162.3,152.2,161.65,2298
2019-03-22 00:00:00+05:30,152.2,152.2,149.45,149.65,130
2019-03-25 00:00:00+05:30,162.3,162.3,162.3,162.3,15
2019-03-26 00:00:00+05:30,150.15,150.15,150.15,150.15,7
2019-03-27 00:00:00+05:30,161.65,161.65,144.75,147.8,336
2019-03-28 00:00:00+05:30,148.15,160.1,145.45,148.0,173
2019-03-29 00:00:00+05:30,147.45,147.45,147.45,147.45,148
2019-04-01 00:00:00+05:30,162.2,162.2,148.8,153.8,321
2019-04-03 00:00:00+05:30,157.6,159.8,150.3,150.4,890
2019-04-05 00:00:00+05:30,148.9,159.0,148.85,148.85,1686
2019-04-08 00:00:00+05:30,149.9,150.2,149.55,150.2,793
2019-04-09 00:00:00+05:30,151.55,152.2,151.55,152.2,1090
2019-04-10 00:00:00+05:30,152.25,157.5,152.25,152.85,1761
2019-04-12 00:00:00+05:30,161.65,161.65,148.8,157.2,1100
2019-04-15 00:00:00+05:30,169.1,169.1,169.1,169.1,1
2019-04-16 00:00:00+05:30,155.6,160.0,154.2,155.55,1548
2019-04-18 00:00:00+05:30,162.2,162.2,148.1,148.1,1276
2019-04-22 00:00:00+05:30,148.1,158.7,144.75,144.75,240
2019-04-24 00:00:00+05:30,148.8,148.8,145.4,145.4,333
2019-04-25 00:00:00+05:30,162.2,162.2,148.85,149.15,216
2019-04-26 00:00:00+05:30,148.8,155.3,147.1,147.1,481
2019-04-30 00:00:00+05:30,148.8,152.8,128.65,142.7,2015
2019-05-02 00:00:00+05:30,152.2,152.2,142.7,142.7,132
2019-05-03 00:00:00+05:30,146.1,158.65,146.1,151.0,10
2019-05-07 00:00:00+05:30,158.95,162.2,158.95,161.8,250
2019-05-08 00:00:00+05:30,147.1,148.0,147.1,147.9,43
2019-05-09 00:00:00+05:30,145.05,145.05,145.05,145.05,4
2019-05-10 00:00:00+05:30,157.55,157.55,155.55,155.55,19
2019-05-14 00:00:00+05:30,150.15,166.65,144.75,144.75,303
2019-05-17 00:00:00+05:30,144.85,155.2,144.85,154.9,140
2019-05-20 00:00:00+05:30,149.45,155.5,137.35,145.65,445
2019-05-21 00:00:00+05:30,141.3,162.15,133.3,142.75,299
2019-05-23 00:00:00+05:30,155.45,155.45,155.45,155.45,1
2019-05-24 00:00:00+05:30,143.7,154.0,143.7,147.45,114
2019-05-27 00:00:00+05:30,142.75,152.8,140.05,142.95,10232
2019-05-28 00:00:00+05:30,155.2,155.2,140.75,141.65,2749
2019-05-29 00:00:00+05:30,140.7,140.7,122.75,135.35,8332
2019-05-30 00:00:00+05:30,133.95,140.7,129.4,140.35,6306
2019-05-31 00:00:00+05:30,132.55,137.95,129.9,137.3,8516
2019-06-03 00:00:00+05:30,132.7,141.85,132.7,135.35,129
2019-06-04 00:00:00+05:30,135.95,135.95,135.25,135.25,3849
2019-06-06 00:00:00+05:30,138.65,138.65,135.95,137.55,37
2019-06-07 00:00:00+05:30,144.7,144.75,137.95,137.95,38
2019-06-10 00:00:00+05:30,133.9,138.65,133.9,138.65,67
2019-06-11 00:00:00+05:30,142.05,142.05,138.65,140.35,12
2019-06-12 00:00:00+05:30,135.3,140.0,135.3,138.4,138
2019-06-13 00:00:00+05:30,137.3,137.95,135.3,135.4,704
2019-06-14 00:00:00+05:30,135.3,135.3,135.25,135.25,4088
2019-06-17 00:00:00+05:30,137.3,142.0,135.25,137.45,2858
2019-06-18 00:00:00+05:30,135.25,140.7,131.9,136.2,540
2019-06-19 00:00:00+05:30,135.95,140.7,135.25,140.7,275
2019-06-21 00:00:00+05:30,140.7,141.95,135.25,141.95,15
2019-06-24 00:00:00+05:30,136.6,140.0,135.25,140.0,142
2019-06-26 00:00:00+05:30,138.65,141.35,135.25,141.35,751
2019-06-27 00:00:00+05:30,138.65,141.3,135.25,141.3,15
2019-06-28 00:00:00+05:30,141.35,145.4,135.3,140.65,553
2019-07-01 00:00:00+05:30,136.0,141.95,135.25,135.3,1379
2019-07-02 00:00:00+05:30,135.95,141.75,135.25,141.3,86
2019-07-03 00:00:00+05:30,135.3,140.7,135.3,136.15,112
2019-07-05 00:00:00+05:30,160.7,160.7,138.65,139.35,229
2019-07-08 00:00:00+05:30,114.3,135.25,114.3,135.25,30
2019-07-09 00:00:00+05:30,115.0,160.9,115.0,135.35,1087
2019-07-10 00:00:00+05:30,135.3,135.3,135.25,135.25,13307
2019-07-11 00:00:00+05:30,135.25,140.7,135.25,135.25,4295
2019-07-12 00:00:00+05:30,135.25,135.25,135.25,135.25,3109
2019-07-15 00:00:00+05:30,135.25,135.3,135.25,135.25,266
2019-07-16 00:00:00+05:30,135.3,135.3,135.25,135.25,4547
2019-07-18 00:00:00+05:30,135.25,135.25,126.55,128.05,1725
2019-07-19 00:00:00+05:30,131.9,131.9,118.4,118.4,3
2019-07-22 00:00:00+05:30,121.75,134.95,119.05,134.95,2295
2019-07-23 00:00:00+05:30,120.4,127.85,118.65,120.95,572
2019-07-24 00:00:00+05:30,119.7,127.6,115.0,123.75,1069
2019-07-25 00:00:00+05:30,125.1,129.8,118.35,118.7,21401
2019-07-26 00:00:00+05:30,135.25,135.25,121.7,121.7,17759
2019-07-29 00:00:00+05:30,131.9,131.9,113.6,115.3,194
2019-07-30 00:00:00+05:30,128.5,128.5,104.15,107.9,1223
2019-07-31 00:00:00+05:30,121.7,121.7,111.55,112.25,13
2019-08-01 00:00:00+05:30,118.35,118.35,110.25,110.25,15
2019-08-02 00:00:00+05:30,121.7,121.7,108.9,113.6,72
2019-08-05 00:00:00+05:30,121.05,121.05,113.7,113.8,2357
2019-08-06 00:00:00+05:30,115.0,116.5,101.45,105.5,2123
2019-08-07 00:00:00+05:30,115.0,115.0,109.55,113.6,19
2019-08-08 00:00:00+05:30,112.35,115.0,110.25,114.75,59
2019-08-09 00:00:00+05:30,125.1,125.1,109.55,115.0,19
2019-08-13 00:00:00+05:30,100.1,118.35,100.1,115.0,13
2019-08-14 00:00:00+05:30,114.3,118.35,110.9,115.0,96
2019-08-16 00:00:00+05:30,116.35,116.35,114.3,114.3,52
2019-08-19 00:00:00+05:30,115.0,115.0,111.6,113.5,56
2019-08-20 00:00:00+05:30,115.0,115.0,95.45,109.5,2215
2019-08-21 00:00:00+05:30,111.6,111.6,104.15,104.15,61
2019-08-22 00:00:00+05:30,114.3,114.3,96.05,104.8,1211
2019-08-23 00:00:00+05:30,110.9,110.9,104.15,107.55,52
2019-08-26 00:00:00+05:30,121.75,121.75,105.5,114.25,81
2019-08-27 00:00:00+05:30,121.65,121.65,108.2,110.9,30
2019-08-28 00:00:00+05:30,115.0,115.0,110.25,110.9,74
2019-08-29 00:00:00+05:30,121.75,131.05,94.7,104.5,250
2019-08-30 00:00:00+05:30,115.0,115.0,90.65,105.6,1635
2019-09-03 00:00:00+05:30,110.25,110.9,98.9,110.9,310
2019-09-04 00:00:00+05:30,113.6,114.15,98.05,107.8,1612
2019-09-05 00:00:00+05:30,108.2,110.9,100.1,110.25,30
2019-09-06 00:00:00+05:30,113.6,113.6,104.85,111.55,210
2019-09-09 00:00:00+05:30,114.95,114.95,106.2,111.55,92
2019-09-11 00:00:00+05:30,111.1,114.3,105.05,106.35,6161
2019-09-12 00:00:00+05:30,114.25,114.25,105.35,105.5,179
2019-09-13 00:00:00+05:30,112.9,112.9,108.2,112.9,1365
2019-09-16 00:00:00+05:30,104.15,115.4,104.15,105.6,67
2019-09-17 00:00:00+05:30,126.0,126.0,98.85,111.8,95
2019-09-18 00:00:00+05:30,113.95,114.3,104.5,104.5,10
2019-09-19 00:00:00+05:30,116.35,116.35,100.25,102.95,251
2019-09-20 00:00:00+05:30,116.35,116.35,99.45,109.7,866
2019-09-23 00:00:00+05:30,123.05,123.05,114.3,121.75,433
2019-09-26 00:00:00+05:30,120.2,120.2,120.2,120.2,148
2019-09-27 00:00:00+05:30,102.9,133.25,102.9,116.35,1060
2019-09-30 00:00:00+05:30,135.25,135.25,109.65,126.15,358
2019-10-03 00:00:00+05:30,121.0,121.0,121.0,121.0,4
2019-10-04 00:00:00+05:30,134.4,134.4,106.1,109.05,1857
2019-10-07 00:00:00+05:30,128.5,128.5,105.2,111.3,345
2019-10-09 00:00:00+05:30,104.9,124.05,104.85,112.4,417
2019-10-10 00:00:00+05:30,111.55,124.55,107.75,107.75,18
2019-10-11 00:00:00+05:30,128.3,128.3,108.2,108.95,176
2019-10-14 00:00:00+05:30,118.35,118.35,108.25,108.8,146
2019-10-15 00:00:00+05:30,110.25,115.0,109.55,109.6,367
2019-10-16 00:00:00+05:30,105.95,117.7,105.95,112.95,6
2019-10-18 00:00:00+05:30,92.05,133.85,92.05,110.4,2315
2019-10-23 00:00:00+05:30,105.95,121.75,105.95,106.0,12
2019-10-24 00:00:00+05:30,124.2,124.2,102.65,111.6,108
2019-10-27 00:00:00+05:30,118.35,118.35,118.35,118.35,1
2019-10-29 00:00:00+05:30,111.6,118.35,111.6,118.35,74
2019-10-30 00:00:00+05:30,133.25,133.25,111.65,111.65,25
2019-10-31 00:00:00+05:30,91.7,130.55,91.7,108.95,535
2019-11-01 00:00:00+05:30,108.9,112.75,105.75,112.6,1121
2019-11-04 00:00:00+05:30,108.8,108.8,108.3,108.6,222
2019-11-05 00:00:00+05:30,128.1,128.1,102.15,120.5,268
2019-11-06 00:00:00+05:30,115.0,137.85,115.0,127.25,211
2019-11-07 00:00:00+05:30,128.5,129.2,127.85,128.5,399
2019-11-11 00:00:00+05:30,141.2,141.2,118.5,126.45,10
2019-11-15 00:00:00+05:30,130.0,135.8,118.5,121.4,1171
2019-11-18 00:00:00+05:30,102.2,133.45,102.2,115.3,1238
2019-11-19 00:00:00+05:30,110.6,124.3,110.6,111.65,24
2019-11-20 00:00:00+05:30,119.05,123.05,104.85,113.6,133
2019-11-21 00:00:00+05:30,107.95,130.3,103.55,118.35,667
2019-11-22 00:00:00+05:30,129.8,129.8,109.95,125.25,52
2019-11-25 00:00:00+05:30,111.1,125.55,111.1,125.35,53
2019-11-26 00:00:00+05:30,123.45,123.45,105.3,111.05,56
2019-11-27 00:00:00+05:30,121.9,121.9,116.35,116.35,4
2019-11-28 00:00:00+05:30,118.35,118.35,118.35,118.35,7
2019-12-02 00:00:00+05:30,105.6,119.3,105.6,115.0,157
2019-12-05 00:00:00+05:30,104.35,130.75,104.35,108.45,818
2019-12-06 00:00:00+05:30,108.15,118.6,108.15,118.6,946
2019-12-09 00:00:00+05:30,104.3,118.3,103.5,105.15,1558
2019-12-10 00:00:00+05:30,114.85,118.35,105.95,115.0,2120
2019-12-12 00:00:00+05:30,114.9,114.9,108.35,114.9,40
2019-12-13 00:00:00+05:30,114.9,114.9,114.9,114.9,4
2019-12-17 00:00:00+05:30,114.9,114.9,114.9,114.9,74
2019-12-20 00:00:00+05:30,104.85,112.95,104.85,106.85,4068
2019-12-23 00:00:00+05:30,117.4,117.4,101.1,103.8,16
2019-12-24 00:00:00+05:30,112.6,112.6,111.6,111.6,3
2020-01-01 00:00:00+05:30,113.2,127.15,113.1,125.8,1850
2020-01-02 00:00:00+05:30,111.65,118.35,111.65,115.0,998
2020-01-03 00:00:00+05:30,121.75,121.75,106.35,118.3,173
2020-01-09 00:00:00+05:30,138.3,138.3,106.95,118.35,627
2020-01-10 00:00:00+05:30,130.65,130.65,127.15,127.15,3
2020-01-13 00:00:00+05:30,127.15,127.15,110.25,115.85,1273
2020-01-14 00:00:00+05:30,115.85,115.85,115.65,115.65,103
2020-01-15 00:00:00+05:30,105.3,121.7,105.3,114.8,231
2020-01-16 00:00:00+05:30,108.2,121.75,108.2,121.0,136
2020-01-17 00:00:00+05:30,121.0,132.65,118.35,121.75,1282
2020-01-24 00:00:00+05:30,107.95,131.75,107.95,117.75,140
2020-01-27 00:00:00+05:30,118.4,118.4,112.25,112.25,58
2020-01-28 00:00:00+05:30,112.95,112.95,108.2,108.2,265
2020-01-30 00:00:00+05:30,103.65,127.6,103.65,124.4,371
2020-01-31 00:00:00+05:30,120.4,124.3,120.4,122.35,74
2020-02-01 00:00:00+05:30,108.55,109.65,108.4,109.65,80
2020-02-03 00:00:00+05:30,108.3,117.9,108.3,109.35,282
2020-02-05 00:00:00+05:30,112.25,112.25,109.55,109.55,47
2020-02-06 00:00:00+05:30,109.55,114.45,105.9,108.25,87
2020-02-07 00:00:00+05:30,112.8,113.0,108.2,109.05,207
2020-02-10 00:00:00+05:30,103.95,114.45,103.95,114.45,588
2020-02-11 00:00:00+05:30,114.45,114.45,109.25,113.3,41
2020-02-12 00:00:00+05:30,118.35,118.35,113.6,114.9,208
2020-02-13 00:00:00+05:30,119.05,120.6,110.15,110.15,427
2020-02-14 00:00:00+05:30,105.05,106.95,105.05,106.95,333
2020-02-17 00:00:00+05:30,102.15,102.15,102.15,102.15,7
2020-02-19 00:00:00+05:30,107.25,107.25,107.25,107.25,3
2020-02-25 00:00:00+05:30,112.6,112.6,112.6,112.6,148
2020-02-26 00:00:00+05:30,112.25,112.25,112.25,112.25,1
2020-02-27 00:00:00+05:30,112.25,112.25,112.25,112.25,1
2020-03-02 00:00:00+05:30,117.9,117.9,117.9,117.9,15
2020-03-03 00:00:00+05:30,112.0,123.05,112.0,119.05,319
2020-03-05 00:00:00+05:30,113.1,120.9,113.1,120.9,49
2020-03-11 00:00:00+05:30,115.0,115.0,115.0,115.0,148
2020-03-16 00:00:00+05:30,120.6,120.6,115.0,115.0,9
2020-03-17 00:00:00+05:30,114.95,114.95,109.25,109.25,28
2020-03-25 00:00:00+05:30,104.2,114.65,104.15,104.15,250
2020-03-26 00:00:00+05:30,98.95,98.95,98.95,98.95,40
2020-03-30 00:00:00+05:30,98.75,99.4,98.75,98.8,333
2020-03-31 00:00:00+05:30,94.7,103.75,94.7,101.45,727
2020-04-01 00:00:00+05:30,106.5,106.5,96.4,105.5,49
2020-04-03 00:00:00+05:30,110.8,110.8,108.2,108.2,7
2020-04-07 00:00:00+05:30,113.6,113.6,108.2,108.2,4
2020-04-08 00:00:00+05:30,113.6,113.6,113.6,113.6,3
2020-04-09 00:00:00+05:30,119.3,119.3,107.95,118.7,50
2020-04-13 00:00:00+05:30,124.6,124.6,124.6,124.6,3
2020-04-15 00:00:00+05:30,130.85,130.85,118.4,128.15,24
2020-04-16 00:00:00+05:30,134.5,134.5,121.75,123.1,262
2020-04-17 00:00:00+05:30,129.25,129.25,116.95,119.05,194
2020-04-20 00:00:00+05:30,125.0,125.0,113.1,124.3,13
2020-04-21 00:00:00+05:30,130.5,130.5,118.1,120.4,15
2020-04-22 00:00:00+05:30,126.4,126.4,114.35,114.35,69
2020-04-23 00:00:00+05:30,120.1,120.1,108.65,108.65,384
2020-04-24 00:00:00+05:30,103.25,113.6,103.25,103.25,18
2020-04-27 00:00:00+05:30,98.1,108.2,98.1,98.85,87
2020-04-29 00:00:00+05:30,94.7,103.8,94.7,96.3,7
2020-04-30 00:00:00+05:30,96.7,96.7,96.15,96.7,149
2020-05-04 00:00:00+05:30,96.7,101.45,92.0,94.7,877
2020-05-05 00:00:00+05:30,99.45,99.45,90.1,94.4,1382
2020-05-06 00:00:00+05:30,99.1,99.1,99.1,99.1,3
2020-05-07 00:00:00+05:30,104.0,104.0,101.45,101.45,18
2020-05-08 00:00:00+05:30,106.5,106.5,98.15,104.85,67
2020-05-11 00:00:00+05:30,110.05,110.05,104.85,107.55,78
2020-05-12 00:00:00+05:30,112.9,112.9,112.9,112.9,3
2020-05-13 00:00:00+05:30,118.55,118.55,116.35,116.35,7
2020-05-14 00:00:00+05:30,122.15,122.15,110.5,117.9,59
2020-05-15 00:00:00+05:30,123.75,123.75,112.0,119.7,43
2020-05-18 00:00:00+05:30,125.7,125.7,113.75,118.35,75
2020-05-19 00:00:00+05:30,124.3,124.3,112.45,112.45,28
2020-05-20 00:00:00+05:30,118.05,118.05,106.85,114.05,173
2020-05-21 00:00:00+05:30,119.75,119.75,119.75,119.75,3
2020-05-22 00:00:00+05:30,125.75,125.75,118.35,118.35,47
2020-05-26 00:00:00+05:30,124.3,124.3,124.3,124.3,3
2020-05-27 00:00:00+05:30,130.45,130.45,118.1,118.1,81
2020-05-28 00:00:00+05:30,123.95,123.95,112.2,112.2,49
2020-05-29 00:00:00+05:30,117.8,117.8,106.6,111.2,519
2020-06-01 00:00:00+05:30,111.2,114.3,105.65,105.75,268
2020-06-02 00:00:00+05:30,110.25,110.25,100.45,104.1,664
2020-06-03 00:00:00+05:30,102.15,108.2,98.95,99.1,2623
2020-06-04 00:00:00+05:30,98.05,103.5,95.4,95.8,299
2020-06-05 00:00:00+05:30,98.05,100.55,94.7,99.6,3757
2020-06-08 00:00:00+05:30,100.45,100.65,100.45,100.65,182
2020-06-09 00:00:00+05:30,97.4,101.2,97.4,97.4,18
2020-06-10 00:00:00+05:30,101.45,102.25,95.55,99.25,1851
2020-06-11 00:00:00+05:30,94.4,97.75,94.35,94.7,5160
2020-06-12 00:00:00+05:30,99.4,99.4,89.95,94.7,2389
2020-06-15 00:00:00+05:30,97.4,97.4,91.45,94.7,927
2020-06-16 00:00:00+05:30,95.35,98.05,94.0,97.95,172
2020-06-17 00:00:00+05:30,98.05,100.75,94.7,100.05,821
2020-06-18 00:00:00+05:30,99.85,99.85,95.1,95.15,2107
2020-06-19 00:00:00+05:30,98.05,98.05,97.7,97.7,3
2020-06-22 00:00:00+05:30,96.95,97.0,94.4,96.85,491
2020-06-23 00:00:00+05:30,96.95,96.95,95.6,96.85,618
2020-06-24 00:00:00+05:30,96.9,98.05,94.95,96.9,390
2020-06-25 00:00:00+05:30,92.3,100.75,92.3,94.5,118
2020-06-26 00:00:00+05:30,95.35,95.35,92.95,92.95,1242
2020-06-29 00:00:00+05:30,97.6,97.6,97.6,97.6,628
2020-06-30 00:00:00+05:30,102.45,102.45,102.45,102.45,340
2020-07-01 00:00:00+05:30,107.55,107.55,107.55,107.55,866
2020-07-02 00:00:00+05:30,112.95,112.95,108.2,109.85,5083
2020-07-03 00:00:00+05:30,108.2,111.25,106.8,107.7,3183
2020-07-06 00:00:00+05:30,102.45,106.75,102.45,105.9,1039
2020-07-07 00:00:00+05:30,102.2,111.2,102.2,110.2,41
2020-07-08 00:00:00+05:30,104.85,108.2,104.75,105.35,1016
2020-07-09 00:00:00+05:30,106.85,106.85,106.65,106.65,327
2020-07-10 00:00:00+05:30,106.2,106.2,106.2,106.2,173
2020-07-13 00:00:00+05:30,102.15,106.5,100.9,100.9,621
2020-07-14 00:00:00+05:30,101.5,104.85,96.05,100.7,778
2020-07-15 00:00:00+05:30,105.7,105.7,97.4,104.6,108
2020-07-17 00:00:00+05:30,103.2,103.2,99.4,101.35,177
2020-07-20 00:00:00+05:30,98.05,102.8,96.75,96.75,102
2020-07-21 00:00:00+05:30,96.8,97.4,96.8,97.4,720
2020-07-22 00:00:00+05:30,97.4,102.25,97.4,102.25,617
2020-07-23 00:00:00+05:30,102.15,102.25,101.45,102.25,342
2020-07-24 00:00:00+05:30,104.85,104.85,98.4,101.3,439
2020-07-27 00:00:00+05:30,104.15,104.15,98.05,103.85,265
2020-07-28 00:00:00+05:30,104.85,105.25,98.7,102.9,476
2020-07-29 00:00:00+05:30,104.85,104.85,101.45,102.55,44
2020-07-30 00:00:00+05:30,104.85,104.85,99.65,101.45,67
2020-07-31 00:00:00+05:30,104.85,104.85,101.45,101.45,27
2020-08-03 00:00:00+05:30,104.15,106.5,100.15,100.15,361
2020-08-04 00:00:00+05:30,103.5,103.5,97.4,100.45,608
2020-08-05 00:00:00+05:30,102.8,104.15,96.7,97.4,2719
2020-08-06 00:00:00+05:30,102.25,102.25,94.7,99.4,259
2020-08-07 00:00:00+05:30,105.5,107.55,100.15,101.1,1746
2020-08-10 00:00:00+05:30,105.5,105.5,98.35,100.9,1202
2020-08-11 00:00:00+05:30,101.45,104.5,101.45,104.0,2120
2020-08-12 00:00:00+05:30,102.15,106.2,102.15,103.5,773
2020-08-13 00:00:00+05:30,104.85,106.2,102.15,105.9,310
2020-08-14 00:00:00+05:30,106.2,110.85,98.25,99.0,2293
2020-08-17 00:00:00+05:30,106.85,106.85,97.1,102.15,4353
2020-08-18 00:00:00+05:30,102.8,106.15,101.45,101.6,313
2020-08-19 00:00:00+05:30,102.8,110.2,102.8,106.85,797
2020-08-20 00:00:00+05:30,102.15,109.55,102.15,105.35,1589
2020-08-21 00:00:00+05:30,102.65,115.65,102.65,108.15,563
2020-08-24 00:00:00+05:30,115.0,118.95,105.05,118.95,3494
2020-08-25 00:00:00+05:30,130.15,130.8,120.65,121.85,1940
2020-08-26 00:00:00+05:30,119.05,129.2,119.05,124.45,819
2020-08-27 00:00:00+05:30,136.9,136.9,113.0,115.0,4619
2020-08-28 00:00:00+05:30,115.65,125.7,110.6,114.95,2419
2020-08-31 00:00:00+05:30,116.35,116.35,103.7,104.9,621
2020-09-01 00:00:00+05:30,115.4,115.4,99.1,101.75,290
2020-09-02 00:00:00+05:30,111.9,111.9,102.8,103.6,186
2020-09-04 00:00:00+05:30,113.6,113.6,102.15,103.15,560
2020-09-07 00:00:00+05:30,102.15,112.25,102.15,111.4,356
2020-09-08 00:00:00+05:30,103.95,111.55,101.45,101.85,4134
2020-09-09 00:00:00+05:30,101.45,106.75,101.45,105.15,445
2020-09-10 00:00:00+05:30,102.15,113.9,96.9,109.75,10767
2020-09-11 00:00:00+05:30,111.6,111.6,104.85,104.95,469
2020-09-14 00:00:00+05:30,102.6,108.85,102.15,102.45,609
2020-09-15 00:00:00+05:30,105.5,105.5,98.05,100.55,2247
2020-09-16 00:00:00+05:30,109.55,109.55,102.15,102.15,248
2020-09-17 00:00:00+05:30,104.1,105.5,101.45,104.7,2589
2020-09-18 00:00:00+05:30,101.5,107.55,101.5,102.15,266
2020-09-21 00:00:00+05:30,98.05,105.4,98.05,101.5,491
2020-09-22 00:00:00+05:30,98.1,104.8,92.8,102.95,1990
2020-09-23 00:00:00+05:30,104.7,104.7,99.4,99.4,21
2020-09-24 00:00:00+05:30,94.6,104.05,94.6,98.25,9
2020-09-25 00:00:00+05:30,106.2,106.2,97.1,100.65,605
2020-09-28 00:00:00+05:30,98.05,100.1,97.1,97.45,566
2020-09-29 00:00:00+05:30,104.0,104.0,102.8,102.85,208
2020-09-30 00:00:00+05:30,106.2,109.45,99.0,103.2,670
2020-10-01 00:00:00+05:30,101.8,109.55,98.75,101.5,1578
2020-10-05 00:00:00+05:30,98.9,108.2,98.9,108.2,2990
2020-10-06 00:00:00+05:30,111.55,114.3,103.15,106.3,1940
2020-10-07 00:00:00+05:30,108.9,108.9,104.9,108.85,263
2020-10-08 00:00:00+05:30,108.2,109.9,104.85,106.35,620
2020-10-09 00:00:00+05:30,110.25,111.5,102.2,102.35,451
2020-10-12 00:00:00+05:30,102.15,108.1,102.15,104.45,735
2020-10-13 00:00:00+05:30,104.85,111.6,99.95,104.3,1399
2020-10-14 00:00:00+05:30,103.75,103.75,103.75,103.75,127
2020-10-15 00:00:00+05:30,103.75,103.75,103.75,103.75,37
2020-10-16 00:00:00+05:30,107.15,107.15,98.25,101.55,968
2020-10-19 00:00:00+05:30,106.85,106.85,99.55,103.5,1548
2020-10-20 00:00:00+05:30,104.75,105.1,98.8,104.95,998
2020-10-21 00:00:00+05:30,105.5,105.5,100.15,101.5,1428
2020-10-22 00:00:00+05:30,104.75,104.75,101.6,101.6,7
2020-10-23 00:00:00+05:30,104.75,104.75,104.15,104.75,108
2020-10-26 00:00:00+05:30,100.8,104.15,98.75,101.6,745
2020-10-27 00:00:00+05:30,106.85,106.85,101.6,101.6,22
2020-10-28 00:00:00+05:30,101.5,106.85,101.5,102.8,3534
2020-10-29 00:00:00+05:30,102.15,102.2,102.15,102.2,3
2020-10-30 00:00:00+05:30,99.4,106.85,99.4,106.6,461
2020-11-02 00:00:00+05:30,106.6,108.2,101.8,108.2,334
2020-11-03 00:00:00+05:30,105.95,108.2,105.5,105.5,143
2020-11-05 00:00:00+05:30,105.5,107.55,105.5,107.55,77
2020-11-06 00:00:00+05:30,93.75,107.55,93.75,105.5,179
2020-11-09 00:00:00+05:30,107.55,107.55,104.85,104.85,259
2020-11-10 00:00:00+05:30,104.85,104.85,98.05,100.25,1036
2020-11-11 00:00:00+05:30,98.05,107.55,82.25,107.55,18
2020-11-12 00:00:00+05:30,96.4,107.55,96.1,107.45,290
2020-11-13 00:00:00+05:30,98.05,106.85,98.05,106.85,129
2020-11-17 00:00:00+05:30,107.55,108.2,101.45,107.6,105
2020-11-18 00:00:00+05:30,107.6,107.6,99.4,103.95,86
2020-11-19 00:00:00+05:30,106.8,106.8,103.5,106.8,133
2020-11-20 00:00:00+05:30,99.9,111.6,99.9,108.9,2391
2020-11-23 00:00:00+05:30,108.85,116.35,108.1,115.55,1001
2020-11-24 00:00:00+05:30,115.6,115.6,108.2,111.6,328
2020-11-25 00:00:00+05:30,108.9,111.55,101.45,111.2,33
2020-11-26 00:00:00+05:30,110.25,110.25,108.2,109.85,96
2020-11-27 00:00:00+05:30,110.25,118.35,109.1,110.15,3044
2020-12-01 00:00:00+05:30,118.35,131.9,115.0,127.8,6690
2020-12-02 00:00:00+05:30,129.2,129.2,114.9,116.25,1007
2020-12-03 00:00:00+05:30,112.75,126.7,108.2,120.95,1804
2020-12-04 00:00:00+05:30,118.85,118.85,116.35,116.35,383
2020-12-07 00:00:00+05:30,128.1,128.1,114.3,117.7,2565
2020-12-08 00:00:00+05:30,115.0,128.3,111.6,118.35,609
2020-12-09 00:00:00+05:30,126.45,127.15,118.35,120.95,325
2020-12-10 00:00:00+05:30,118.35,118.35,110.25,111.1,1413
2020-12-11 00:00:00+05:30,125.1,125.1,111.7,116.05,2675
2020-12-14 00:00:00+05:30,118.35,119.3,115.65,119.0,1379
2020-12-15 00:00:00+05:30,116.65,121.05,115.0,118.15,1270
2020-12-16 00:00:00+05:30,118.35,127.65,111.6,120.4,2956
2020-12-17 00:00:00+05:30,119.7,121.45,115.0,120.3,1668
2020-12-18 00:00:00+05:30,115.0,122.3,111.6,117.25,3080
2020-12-21 00:00:00+05:30,118.35,118.35,115.7,115.7,973
2020-12-22 00:00:00+05:30,115.0,118.3,111.6,111.95,1499
2020-12-23 00:00:00+05:30,115.0,119.5,113.7,115.6,126
2020-12-24 00:00:00+05:30,115.0,115.0,115.0,115.0,15
2020-12-28 00:00:00+05:30,115.0,118.35,110.35,115.15,1663
2020-12-29 00:00:00+05:30,121.75,121.75,113.6,115.1,2218
2020-12-31 00:00:00+05:30,123.75,123.75,115.0,118.2,135
2021-01-01 00:00:00+05:30,123.75,123.75,115.7,116.3,1195
2021-01-04 00:00:00+05:30,115.1,120.8,115.0,115.6,4230
2021-01-05 00:00:00+05:30,116.35,119.35,115.05,115.3,5207
2021-01-06 00:00:00+05:30,115.65,119.6,114.95,115.7,1347
2021-01-07 00:00:00+05:30,115.05,118.9,111.6,115.1,3206
2021-01-08 00:00:00+05:30,121.75,121.75,112.85,114.9,1656
2021-01-11 00:00:00+05:30,119.65,119.65,111.65,116.35,50
2021-01-12 00:00:00+05:30,117.0,121.75,117.0,119.35,1319
2021-01-13 00:00:00+05:30,128.5,128.5,115.65,117.0,240
2021-01-14 00:00:00+05:30,121.75,121.75,115.0,120.75,890
2021-01-18 00:00:00+05:30,115.1,116.05,115.0,116.05,383
2021-01-19 00:00:00+05:30,121.75,121.75,115.4,117.05,297
2021-01-20 00:00:00+05:30,117.05,121.75,116.45,119.45,1282
2021-01-21 00:00:00+05:30,121.75,121.75,117.0,117.2,705
2021-01-22 00:00:00+05:30,112.25,121.05,112.25,117.0,206
2021-01-25 00:00:00+05:30,111.7,119.9,108.2,112.6,5000
2021-01-27 00:00:00+05:30,118.3,118.3,106.2,107.35,3098
2021-01-28 00:00:00+05:30,111.6,114.65,106.2,113.7,2930
2021-01-29 00:00:00+05:30,115.0,115.0,108.3,114.1,219
2021-02-01 00:00:00+05:30,115.0,118.2,113.6,118.2,22
2021-02-02 00:00:00+05:30,116.35,121.75,112.25,117.75,4007
2021-02-03 00:00:00+05:30,118.35,118.35,116.35,116.5,429
2021-02-04 00:00:00+05:30,116.35,116.95,113.0,116.95,671
2021-02-05 00:00:00+05:30,118.35,118.35,112.95,116.0,299
2021-02-08 00:00:00+05:30,116.35,124.75,111.6,114.45,325
2021-02-09 00:00:00+05:30,116.35,116.35,113.6,114.55,577
2021-02-10 00:00:00+05:30,116.35,125.1,112.95,114.3,874
2021-02-11 00:00:00+05:30,127.15,127.15,114.3,120.1,229
2021-02-12 00:00:00+05:30,144.1,144.1,144.1,144.1,12075
2021-02-15 00:00:00+05:30,172.9,172.9,148.85,151.05,21333
2021-02-16 00:00:00+05:30,158.95,164.35,142.7,146.3,2187
2021-02-17 00:00:00+05:30,145.4,154.85,138.65,146.2,2344
2021-02-18 00:00:00+05:30,145.5,155.5,145.5,150.85,1465
2021-02-19 00:00:00+05:30,142.7,150.8,138.65,148.6,2330
2021-02-22 00:00:00+05:30,150.15,150.75,147.45,150.75,1845
2021-02-23 00:00:00+05:30,152.2,152.2,150.15,151.4,142
2021-02-24 00:00:00+05:30,161.35,161.35,150.8,155.85,118
2021-02-25 00:00:00+05:30,155.5,155.5,148.9,150.4,997
2021-02-26 00:00:00+05:30,151.35,156.9,148.1,148.85,871
2021-03-01 00:00:00+05:30,149.45,156.25,148.8,149.65,2032
2021-03-02 00:00:00+05:30,150.15,168.4,149.45,162.1,11024
2021-03-03 00:00:00+05:30,165.7,175.4,160.35,167.35,40691
2021-03-04 00:00:00+05:30,175.4,175.5,169.1,171.8,4504
2021-03-05 00:00:00+05:30,172.45,172.45,162.3,165.05,2981
2021-03-08 00:00:00+05:30,169.1,170.6,165.05,170.1,392
2021-03-09 00:00:00+05:30,169.1,169.1,158.95,164.3,2391
2021-03-10 00:00:00+05:30,164.35,164.35,159.6,162.3,1073
2021-03-12 00:00:00+05:30,170.35,175.85,164.0,169.0,5864
2021-03-15 00:00:00+05:30,167.75,174.75,167.75,168.15,1854
2021-03-16 00:00:00+05:30,172.45,172.45,159.3,171.0,6656
2021-03-17 00:00:00+05:30,169.1,169.1,162.3,165.05,2758
2021-03-18 00:00:00+05:30,169.1,172.4,162.3,168.7,324
2021-03-19 00:00:00+05:30,165.7,168.2,159.6,167.05,2525
2021-03-22 00:00:00+05:30,169.1,169.1,161.0,163.65,665
2021-03-23 00:00:00+05:30,167.75,167.75,161.65,164.35,401
2021-03-24 00:00:00+05:30,167.75,167.75,146.1,152.3,5095
2021-03-25 00:00:00+05:30,158.9,158.9,154.2,158.75,310
2021-03-26 00:00:00+05:30,162.3,162.3,158.25,158.6,207
2021-03-30 00:00:00+05:30,158.25,165.7,158.25,162.3,75
2021-03-31 00:00:00+05:30,169.1,169.1,162.3,163.0,4671
2021-04-01 00:00:00+05:30,170.45,170.45,161.65,163.4,537
2021-04-05 00:00:00+05:30,150.95,161.5,150.85,159.4,575
2021-04-06 00:00:00+05:30,169.0,169.0,162.25,162.55,64
2021-04-07 00:00:00+05:30,160.3,162.25,155.3,158.15,501
2021-04-08 00:00:00+05:30,164.95,164.95,155.8,158.85,339
2021-04-09 00:00:00+05:30,168.7,168.7,153.0,160.75,386
2021-04-12 00:00:00+05:30,162.3,162.3,149.55,159.7,1921
2021-04-13 00:00:00+05:30,160.3,160.35,149.0,151.15,976
2021-04-15 00:00:00+05:30,168.85,168.85,154.2,163.3,3926
2021-04-16 00:00:00+05:30,155.55,167.05,155.55,160.55,2202
2021-04-19 00:00:00+05:30,158.65,163.65,158.65,163.0,2145
2021-04-20 00:00:00+05:30,162.65,168.9,162.3,167.75,1473
2021-04-22 00:00:00+05:30,170.45,171.8,163.05,164.8,1771
2021-04-23 00:00:00+05:30,168.4,169.0,157.75,160.2,2008
2021-04-26 00:00:00+05:30,171.8,171.8,154.85,155.15,3546
2021-04-27 00:00:00+05:30,165.65,169.05,156.9,168.9,6933
2021-04-28 00:00:00+05:30,168.4,193.75,168.4,191.45,18952
2021-04-29 00:00:00+05:30,194.8,195.75,174.5,178.2,12046
2021-04-30 00:00:00+05:30,192.75,192.75,175.25,182.2,7196
2021-05-03 00:00:00+05:30,192.35,192.35,185.3,186.55,3038
2021-05-04 00:00:00+05:30,195.45,195.45,190.75,191.9,15166
2021-05-05 00:00:00+05:30,194.8,194.8,186.05,192.0,3912
2021-05-06 00:00:00+05:30,195.45,195.45,186.0,190.05,5039
2021-05-07 00:00:00+05:30,195.45,195.45,186.45,188.2,1737
2021-05-10 00:00:00+05:30,194.8,201.55,191.75,196.85,14756
2021-05-11 00:00:00+05:30,201.5,201.5,194.8,196.25,6603
2021-05-12 00:00:00+05:30,201.5,201.5,194.8,198.85,14595
2021-05-14 00:00:00+05:30,202.7,202.7,195.45,200.5,4668
2021-05-17 00:00:00+05:30,202.7,202.7,192.1,195.35,4297
2021-05-18 00:00:00+05:30,219.8,219.8,188.7,189.55,6262
2021-05-19 00:00:00+05:30,197.45,200.2,191.4,198.75,12758
2021-05-20 00:00:00+05:30,202.5,219.8,201.2,217.15,52180
2021-05-21 00:00:00+05:30,217.15,236.5,216.45,222.6,35206
2021-05-24 00:00:00+05:30,226.15,226.55,215.05,215.6,9101
2021-05-25 00:00:00+05:30,217.8,222.5,209.65,219.65,7983
2021-05-26 00:00:00+05:30,222.25,227.05,212.5,220.5,11857
2021-05-27 00:00:00+05:30,225.9,226.25,208.0,211.45,5608
2021-05-28 00:00:00+05:30,217.1,217.1,206.3,207.9,6812
2021-05-31 00:00:00+05:30,207.65,211.0,197.85,205.45,6512
2021-06-01 00:00:00+05:30,204.95,209.65,193.45,206.05,6855
2021-06-02 00:00:00+05:30,199.5,211.15,199.5,207.05,5852
2021-06-03 00:00:00+05:30,205.65,212.3,204.25,209.65,5358
2021-06-04 00:00:00+05:30,213.05,213.7,206.3,213.6,6444
2021-06-07 00:00:00+05:30,219.8,236.7,215.75,222.25,25091
2021-06-08 00:00:00+05:30,217.1,227.2,216.45,218.1,4610
2021-06-09 00:00:00+05:30,225.9,225.9,216.85,218.6,5614
2021-06-10 00:00:00+05:30,213.2,229.95,213.1,225.6,8485
2021-06-11 00:00:00+05:30,214.4,229.9,214.4,226.9,2092
2021-06-14 00:00:00+05:30,236.7,236.7,198.95,221.1,5030
2021-06-15 00:00:00+05:30,222.5,229.1,213.8,217.55,6692
2021-06-16 00:00:00+05:30,217.25,223.2,214.85,218.1,4359
2021-06-17 00:00:00+05:30,204.95,229.9,204.95,224.45,7660
2021-06-18 00:00:00+05:30,218.45,223.2,212.65,222.6,5037
2021-06-21 00:00:00+05:30,221.75,223.2,217.0,219.9,6494
2021-06-22 00:00:00+05:30,229.25,229.25,216.55,224.8,3472
2021-06-23 00:00:00+05:30,223.2,229.2,220.2,226.65,3890
2021-06-24 00:00:00+05:30,236.7,236.7,223.25,223.6,5290
2021-06-25 00:00:00+05:30,225.2,226.55,216.45,222.45,2083
2021-06-28 00:00:00+05:30,235.35,236.7,217.85,223.2,5802
2021-06-29 00:00:00+05:30,223.25,250.2,223.25,229.15,49211
2021-06-30 00:00:00+05:30,235.35,235.35,219.8,226.55,11868
2021-07-01 00:00:00+05:30,233.15,233.35,222.6,231.4,11729
2021-07-02 00:00:00+05:30,225.4,231.2,212.35,226.45,6441
2021-07-05 00:00:00+05:30,236.6,244.15,227.4,243.3,27800
2021-07-06 00:00:00+05:30,246.85,248.15,229.95,237.35,11450
2021-07-07 00:00:00+05:30,244.85,246.85,238.05,242.75,14196
2021-07-08 00:00:00+05:30,248.9,250.15,237.4,241.15,9313
2021-07-09 00:00:00+05:30,248.0,253.55,223.25,252.25,25220
2021-07-12 00:00:00+05:30,253.65,256.35,237.4,246.6,14484
2021-07-13 00:00:00+05:30,253.2,253.2,243.5,247.5,1433
2021-07-14 00:00:00+05:30,252.2,252.2,240.45,250.2,5037
2021-07-15 00:00:00+05:30,251.6,251.6,237.65,243.5,1461
2021-07-16 00:00:00+05:30,251.6,251.6,237.65,239.5,2352
2021-07-19 00:00:00+05:30,237.45,247.9,231.3,233.65,6560
2021-07-20 00:00:00+05:30,232.0,246.1,211.5,223.35,4421
2021-07-22 00:00:00+05:30,234.65,234.65,224.65,231.15,1978
2021-07-23 00:00:00+05:30,234.9,234.9,220.5,224.1,4057
2021-07-26 00:00:00+05:30,224.1,232.75,223.85,226.55,1780
2021-07-27 00:00:00+05:30,231.25,231.25,219.6,220.55,4099
2021-07-28 00:00:00+05:30,235.35,235.35,207.65,215.15,7745
2021-07-29 00:00:00+05:30,215.05,229.7,215.05,224.8,5752
2021-07-30 00:00:00+05:30,229.3,229.3,213.05,214.95,6376
2021-08-02 00:00:00+05:30,213.05,228.55,213.05,223.35,7733
2021-08-03 00:00:00+05:30,226.5,229.95,218.45,219.05,4609
2021-08-04 00:00:00+05:30,229.95,243.5,220.1,224.5,33819
2021-08-05 00:00:00+05:30,227.25,233.35,209.75,227.7,5054
2021-08-06 00:00:00+05:30,232.65,232.65,223.2,228.9,1405
2021-08-09 00:00:00+05:30,228.9,234.45,214.05,215.95,11410
2021-08-10 00:00:00+05:30,225.4,225.4,206.3,210.25,8406
2021-08-11 00:00:00+05:30,221.7,221.7,197.5,208.8,3143
2021-08-12 00:00:00+05:30,209.35,222.35,209.0,221.9,1906
2021-08-13 00:00:00+05:30,221.85,223.2,214.25,214.45,4070
2021-08-16 00:00:00+05:30,222.5,229.8,219.95,227.85,10992
2021-08-17 00:00:00+05:30,226.55,226.55,219.8,220.35,2383
2021-08-18 00:00:00+05:30,235.35,235.35,196.15,212.95,10484
2021-08-20 00:00:00+05:30,215.75,215.75,204.25,206.9,7748
2021-08-23 00:00:00+05:30,225.2,225.2,208.7,213.7,5542
2021-08-24 00:00:00+05:30,222.8,222.8,213.05,214.35,5997
2021-08-25 00:00:00+05:30,211.35,217.8,209.65,217.7,5070
2021-08-26 00:00:00+05:30,222.5,222.5,211.7,217.85,3770
2021-08-27 00:00:00+05:30,221.05,221.05,211.05,216.45,942
2021-08-30 00:00:00+05:30,209.85,220.8,206.95,212.8,2312
2021-08-31 00:00:00+05:30,220.1,220.1,210.35,212.2,1053
2021-09-01 00:00:00+05:30,213.05,216.45,211.0,215.3,3362
2021-09-02 00:00:00+05:30,215.05,217.5,211.75,216.45,9713
2021-09-03 00:00:00+05:30,225.2,225.2,213.05,215.4,5972
2021-09-06 00:00:00+05:30,216.45,216.45,213.1,216.35,2024
2021-09-07 00:00:00+05:30,216.45,223.0,209.65,212.1,5029
2021-09-08 00:00:00+05:30,215.05,216.35,211.7,214.4,1356
2021-09-09 00:00:00+05:30,223.0,223.0,213.05,216.6,5962
2021-09-13 00:00:00+05:30,219.8,232.6,215.05,216.45,12464
2021-09-14 00:00:00+05:30,211.1,226.25,211.0,219.15,13566
2021-09-15 00:00:00+05:30,222.5,222.5,216.5,217.7,2148
2021-09-16 00:00:00+05:30,217.35,225.05,216.55,219.8,9541
2021-09-17 00:00:00+05:30,219.8,221.15,209.65,211.2,31223
2021-09-20 00:00:00+05:30,197.2,219.75,193.45,209.8,7498
2021-09-21 00:00:00+05:30,206.4,219.15,206.3,216.85,2338
2021-09-22 00:00:00+05:30,208.8,216.45,208.8,213.6,1283
2021-09-23 00:00:00+05:30,213.05,219.1,213.05,214.65,2762
2021-09-24 00:00:00+05:30,214.65,218.1,211.45,214.55,415
2021-09-27 00:00:00+05:30,212.7,223.0,210.05,221.0,6102
2021-09-28 00:00:00+05:30,220.5,229.95,211.75,226.65,5834
2021-09-29 00:00:00+05:30,218.2,233.35,218.2,224.2,6617
2021-09-30 00:00:00+05:30,229.9,233.35,223.85,224.95,7054
2021-10-01 00:00:00+05:30,220.6,226.9,217.1,222.25,1706
2021-10-04 00:00:00+05:30,230.95,240.1,224.65,234.15,15081
2021-10-05 00:00:00+05:30,242.8,245.5,231.35,241.4,14797
2021-10-06 00:00:00+05:30,245.5,248.9,233.55,236.3,9065
2021-10-07 00:00:00+05:30,230.95,245.1,228.6,230.7,4786
2021-10-08 00:00:00+05:30,239.7,239.7,228.6,231.35,3158
2021-10-11 00:00:00+05:30,236.5,240.1,225.2,235.85,6160
2021-10-12 00:00:00+05:30,239.75,249.55,234.35,236.65,4513
2021-10-13 00:00:00+05:30,237.45,246.85,237.45,239.9,8092
2021-10-14 00:00:00+05:30,240.8,243.5,235.6,236.2,2849
2021-10-18 00:00:00+05:30,240.1,246.65,233.35,237.55,5976
2021-10-19 00:00:00+05:30,232.0,246.15,232.0,234.85,3897
2021-10-20 00:00:00+05:30,254.3,254.3,222.05,233.25,5617
2021-10-21 00:00:00+05:30,227.0,241.7,226.55,228.5,2327
2021-10-22 00:00:00+05:30,242.6,242.6,229.95,237.5,22156
2021-10-25 00:00:00+05:30,238.0,242.5,231.3,237.65,4925
2021-10-26 00:00:00+05:30,239.4,239.4,231.7,234.35,2168
2021-10-27 00:00:00+05:30,231.35,244.1,231.35,236.8,1547
2021-10-28 00:00:00+05:30,235.45,235.45,231.3,232.1,1252
2021-10-29 00:00:00+05:30,234.0,234.0,215.05,222.7,11516
2021-11-01 00:00:00+05:30,229.95,229.95,218.2,220.1,6093
2021-11-02 00:00:00+05:30,226.55,240.05,223.55,230.45,15729
2021-11-03 00:00:00+05:30,236.1,239.2,230.2,234.7,2982
2021-11-04 00:00:00+05:30,238.75,245.5,230.0,241.5,5930
2021-11-08 00:00:00+05:30,248.8,249.55,229.95,237.6,11170
2021-11-09 00:00:00+05:30,244.85,248.1,234.8,240.05,5071
2021-11-10 00:00:00+05:30,232.2,249.55,218.45,239.65,8559
2021-11-11 00:00:00+05:30,246.85,246.85,234.2,237.45,1725
2021-11-12 00:00:00+05:30,244.55,252.95,233.35,247.4,15143
2021-11-15 00:00:00+05:30,239.3,239.3,204.75,225.0,10978
2021-11-16 00:00:00+05:30,231.25,231.3,225.25,231.15,2712
2021-11-17 00:00:00+05:30,229.95,232.55,221.15,228.0,3058
2021-11-18 00:00:00+05:30,229.95,232.85,223.15,223.85,639
2021-11-22 00:00:00+05:30,219.8,223.85,213.05,216.7,2981
2021-11-23 00:00:00+05:30,217.15,227.95,216.65,218.95,945
2021-11-24 00:00:00+05:30,219.8,229.7,217.8,217.8,2732
2021-11-25 00:00:00+05:30,224.35,226.35,213.9,219.8,373
2021-11-26 00:00:00+05:30,213.8,236.7,213.05,224.3,6444
2021-11-29 00:00:00+05:30,216.65,228.6,216.65,225.05,5987
2021-11-30 00:00:00+05:30,225.4,225.4,214.4,214.9,3997
2021-12-01 00:00:00+05:30,214.9,223.2,214.5,219.25,1751
2021-12-02 00:00:00+05:30,225.75,225.75,216.45,216.8,1851
2021-12-03 00:00:00+05:30,236.05,236.05,216.9,222.9,1382
2021-12-06 00:00:00+05:30,215.6,228.95,213.75,219.35,591
2021-12-07 00:00:00+05:30,226.55,226.55,215.95,218.4,284
2021-12-08 00:00:00+05:30,211.25,232.65,209.65,219.7,1269
2021-12-09 00:00:00+05:30,219.15,228.95,219.15,220.7,654
2021-12-10 00:00:00+05:30,220.5,229.2,215.05,219.45,410
2021-12-13 00:00:00+05:30,221.75,241.45,217.15,224.6,3194
2021-12-14 00:00:00+05:30,217.9,229.85,217.9,227.6,4820
2021-12-15 00:00:00+05:30,220.1,229.75,220.1,224.6,294
2021-12-16 00:00:00+05:30,229.6,229.6,213.05,224.35,1416
2021-12-17 00:00:00+05:30,217.6,227.2,217.6,220.9,1901
2021-12-20 00:00:00+05:30,236.0,236.0,211.1,214.15,3908
2021-12-21 00:00:00+05:30,229.6,229.6,213.4,219.45,1841
2021-12-22 00:00:00+05:30,229.3,229.3,221.4,224.5,1235
2021-12-23 00:00:00+05:30,224.5,231.05,218.15,220.95,7306
2021-12-24 00:00:00+05:30,216.15,224.5,216.0,218.85,3238
2021-12-27 00:00:00+05:30,229.75,229.75,213.8,217.3,4663
2021-12-28 00:00:00+05:30,219.85,227.15,219.8,223.85,4041
2021-12-29 00:00:00+05:30,231.45,231.45,223.4,224.35,772
2021-12-30 00:00:00+05:30,226.55,226.55,219.75,220.15,445
2021-12-31 00:00:00+05:30,226.2,226.55,223.2,223.4,1072
2022-01-03 00:00:00+05:30,216.85,228.55,216.85,221.8,494
2022-01-04 00:00:00+05:30,233.25,236.7,223.85,226.75,8435
2022-01-05 00:00:00+05:30,236.7,236.7,219.3,232.2,12231
2022-01-06 00:00:00+05:30,223.2,233.3,217.8,231.4,4047
2022-01-07 00:00:00+05:30,236.7,248.9,230.2,239.9,14265
2022-01-10 00:00:00+05:30,240.1,253.65,240.1,252.35,18921
2022-01-11 00:00:00+05:30,252.35,259.7,243.5,243.9,12059
2022-01-12 00:00:00+05:30,254.8,257.0,244.2,251.1,11552
2022-01-13 00:00:00+05:30,248.9,253.65,248.9,250.45,1388
2022-01-14 00:00:00+05:30,248.2,269.2,248.2,249.2,5942
2022-01-17 00:00:00+05:30,245.9,263.75,245.9,260.3,7257
2022-01-18 00:00:00+05:30,269.2,280.0,260.4,266.1,3590
2022-01-19 00:00:00+05:30,267.15,267.15,257.9,260.15,1440
2022-01-20 00:00:00+05:30,262.9,263.75,259.6,262.4,1421
2022-01-21 00:00:00+05:30,253.65,263.75,253.65,256.25,6958
2022-01-24 00:00:00+05:30,250.25,266.4,238.05,241.55,5580
2022-01-25 00:00:00+05:30,238.4,255.65,238.05,250.45,3775
2022-01-27 00:00:00+05:30,240.8,256.1,240.8,250.5,784
2022-01-28 00:00:00+05:30,249.55,256.75,242.15,247.15,1060
2022-01-31 00:00:00+05:30,250.25,253.65,236.7,243.2,1998
2022-02-01 00:00:00+05:30,237.05,253.1,237.05,249.9,3293
2022-02-02 00:00:00+05:30,256.95,260.4,244.3,254.15,1675
2022-02-03 00:00:00+05:30,260.4,260.4,248.95,253.3,10260
2022-02-04 00:00:00+05:30,260.3,263.45,250.25,259.15,2896
2022-02-07 00:00:00+05:30,259.05,259.05,246.85,251.6,5157
2022-02-08 00:00:00+05:30,253.65,258.35,240.8,249.45,2315
2022-02-09 00:00:00+05:30,249.55,252.05,246.85,250.25,498
2022-02-10 00:00:00+05:30,253.65,255.45,240.25,244.2,3889
2022-02-11 00:00:00+05:30,246.1,253.65,228.0,246.3,6556
2022-02-14 00:00:00+05:30,237.4,237.4,204.75,217.9,20272
2022-02-15 00:00:00+05:30,219.15,236.05,209.65,232.4,9894
2022-02-16 00:00:00+05:30,233.35,239.1,209.0,214.05,3300
2022-02-17 00:00:00+05:30,224.35,225.9,219.8,224.2,2531
2022-02-18 00:00:00+05:30,229.3,230.6,220.8,228.85,705
2022-02-21 00:00:00+05:30,236.05,236.05,216.45,217.8,1394
2022-02-22 00:00:00+05:30,209.75,228.55,209.0,220.75,1931
2022-02-23 00:00:00+05:30,225.05,230.6,222.5,222.7,537
2022-02-24 00:00:00+05:30,222.2,222.5,216.45,216.45,13646
2022-02-25 00:00:00+05:30,216.45,236.05,216.45,220.55,1646
2022-02-28 00:00:00+05:30,213.05,229.2,209.75,224.05,1638
2022-03-02 00:00:00+05:30,219.9,235.35,219.8,227.7,1059
2022-03-03 00:00:00+05:30,227.8,232.0,216.0,216.85,1028
2022-03-04 00:00:00+05:30,216.9,222.8,211.95,214.85,566
2022-03-07 00:00:00+05:30,213.95,219.0,211.05,217.5,300
2022-03-08 00:00:00+05:30,209.65,229.75,204.95,224.6,1094
2022-03-09 00:00:00+05:30,216.45,228.45,216.45,221.0,1966
2022-03-10 00:00:00+05:30,221.95,226.55,217.1,220.55,1768
2022-03-11 00:00:00+05:30,227.2,234.65,218.7,229.0,2781
2022-03-14 00:00:00+05:30,219.9,233.05,219.8,221.6,2034
2022-03-15 00:00:00+05:30,229.15,236.05,223.85,230.6,4076
2022-03-16 00:00:00+05:30,235.5,250.2,224.55,247.45,11104
2022-03-17 00:00:00+05:30,250.25,250.25,230.1,233.15,7796
2022-03-21 00:00:00+05:30,242.05,242.05,229.9,233.3,4175
2022-03-22 00:00:00+05:30,233.35,236.65,227.95,230.1,905
2022-03-23 00:00:00+05:30,233.35,233.35,225.2,228.6,940
2022-03-24 00:00:00+05:30,231.9,232.0,225.2,226.15,2312
2022-03-25 00:00:00+05:30,232.65,245.45,223.85,225.4,16255
2022-03-28 00:00:00+05:30,224.6,228.55,223.85,224.25,2521
2022-03-29 00:00:00+05:30,225.25,230.65,223.85,224.55,1825
2022-03-30 00:00:00+05:30,224.55,232.45,220.15,222.85,886
2022-03-31 00:00:00+05:30,229.75,229.75,223.2,229.1,259
2022-04-01 00:00:00+05:30,229.3,249.45,224.55,227.3,1683
2022-04-04 00:00:00+05:30,231.3,234.0,227.25,227.35,4665
2022-04-05 00:00:00+05:30,232.0,241.85,228.7,234.3,2957
2022-04-06 00:00:00+05:30,243.15,243.3,229.95,230.85,1900
2022-04-07 00:00:00+05:30,230.85,238.5,230.65,231.3,2818
2022-04-08 00:00:00+05:30,227.85,235.4,227.25,232.5,2414
2022-04-11 00:00:00+05:30,223.2,236.05,223.2,229.95,1112
2022-04-12 00:00:00+05:30,227.25,229.9,223.2,225.5,1480
2022-04-13 00:00:00+05:30,228.55,233.25,225.2,229.1,5446
2022-04-18 00:00:00+05:30,232.5,243.45,225.55,237.65,10190
2022-04-19 00:00:00+05:30,237.4,242.15,225.9,231.5,8731
2022-04-20 00:00:00+05:30,231.25,235.9,225.9,228.95,5261
2022-04-21 00:00:00+05:30,233.25,236.7,232.65,235.4,2790
2022-04-22 00:00:00+05:30,236.6,236.6,217.1,231.9,4462
2022-04-25 00:00:00+05:30,242.15,250.25,235.4,242.55,21809
2022-04-26 00:00:00+05:30,249.55,250.25,240.15,242.15,5315
2022-04-27 00:00:00+05:30,243.5,246.05,229.95,234.85,3069
2022-04-28 00:00:00+05:30,236.7,242.15,232.3,241.5,4137
2022-04-29 00:00:00+05:30,237.4,241.05,234.1,237.5,1788
2022-05-02 00:00:00+05:30,225.4,243.15,225.4,239.0,4792
2022-05-04 00:00:00+05:30,243.35,243.35,229.95,231.8,8157
2022-05-05 00:00:00+05:30,232.5,236.7,232.5,236.55,3121
2022-05-06 00:00:00+05:30,236.7,236.7,226.7,228.9,1326
2022-05-09 00:00:00+05:30,233.1,233.1,225.2,228.9,1903
2022-05-10 00:00:00+05:30,236.5,236.7,221.85,226.9,4399
2022-05-11 00:00:00+05:30,235.3,235.3,203.6,213.05,16028
2022-05-12 00:00:00+05:30,204.3,216.2,202.35,208.85,7026
2022-05-13 00:00:00+05:30,206.3,216.7,206.3,210.65,1081
2022-05-16 00:00:00+05:30,216.45,229.95,216.45,219.7,1283
2022-05-17 00:00:00+05:30,216.45,225.15,209.75,218.4,2874
2022-05-18 00:00:00+05:30,219.85,229.1,216.6,219.05,892
2022-05-19 00:00:00+05:30,216.45,225.2,216.45,216.45,7653
2022-05-20 00:00:00+05:30,217.45,231.8,216.65,221.85,2814
2022-05-23 00:00:00+05:30,229.8,233.15,216.6,218.85,4999
2022-05-24 00:00:00+05:30,234.0,234.0,206.7,216.8,655
2022-05-25 00:00:00+05:30,217.55,218.4,213.4,213.75,3957
2022-05-26 00:00:00+05:30,209.8,219.8,209.8,213.4,336
2022-05-27 00:00:00+05:30,219.8,227.1,213.05,217.75,722
2022-05-30 00:00:00+05:30,217.1,217.1,206.3,210.25,3655
2022-05-31 00:00:00+05:30,221.15,221.15,208.3,210.5,4275
2022-06-01 00:00:00+05:30,216.35,219.45,210.35,216.85,1660
2022-06-02 00:00:00+05:30,216.85,216.85,209.85,212.3,278
2022-06-03 00:00:00+05:30,218.8,218.8,209.35,211.15,680
2022-06-06 00:00:00+05:30,211.15,215.7,208.4,215.7,445
2022-06-07 00:00:00+05:30,213.2,216.95,208.3,210.6,560
2022-06-08 00:00:00+05:30,210.05,210.05,210.0,210.0,176
2022-06-09 00:00:00+05:30,208.35,216.2,208.35,210.8,1229
2022-06-10 00:00:00+05:30,209.45,209.45,209.45,209.45,15
2022-06-13 00:00:00+05:30,208.2,212.05,197.5,202.85,6328
2022-06-14 00:00:00+05:30,207.45,207.45,197.35,199.7,926
2022-06-15 00:00:00+05:30,208.8,208.8,199.55,199.55,59
2022-06-16 00:00:00+05:30,215.7,215.7,193.45,196.1,2794
2022-06-17 00:00:00+05:30,205.55,205.55,189.55,196.05,1168
2022-06-20 00:00:00+05:30,190.75,194.75,182.6,187.8,1566
2022-06-21 00:00:00+05:30,176.5,192.0,171.15,181.15,3835
2022-06-22 00:00:00+05:30,193.1,193.1,178.55,181.55,210
2022-06-23 00:00:00+05:30,187.95,187.95,179.25,179.25,1972
2022-06-24 00:00:00+05:30,189.3,189.3,181.95,182.55,183
2022-06-27 00:00:00+05:30,191.35,191.35,182.85,189.3,30
2022-06-28 00:00:00+05:30,188.0,201.5,184.1,184.75,1161
2022-06-29 00:00:00+05:30,182.6,202.2,182.6,189.3,1486
2022-06-30 00:00:00+05:30,186.0,195.3,180.0,184.55,217
2022-07-01 00:00:00+05:30,195.35,196.1,180.3,192.75,645
2022-07-04 00:00:00+05:30,196.1,201.8,196.1,201.45,392
2022-07-05 00:00:00+05:30,201.4,201.55,187.75,192.4,534
2022-07-06 00:00:00+05:30,198.15,201.05,188.75,188.75,276
2022-07-07 00:00:00+05:30,192.75,198.05,189.9,189.95,711
2022-07-08 00:00:00+05:30,190.75,195.1,190.05,190.1,577
2022-07-11 00:00:00+05:30,199.3,201.9,190.05,201.7,1541
2022-07-12 00:00:00+05:30,193.8,204.95,189.4,197.85,2469
2022-07-13 00:00:00+05:30,204.9,204.9,196.15,196.15,2052
2022-07-14 00:00:00+05:30,198.15,204.85,196.15,198.15,1958
2022-07-15 00:00:00+05:30,212.0,212.0,193.45,196.8,685
2022-07-18 00:00:00+05:30,196.85,198.9,196.85,198.85,37
2022-07-19 00:00:00+05:30,202.85,208.3,199.5,202.9,1010
2022-07-20 00:00:00+05:30,197.2,202.9,196.25,197.05,2003
2022-07-21 00:00:00+05:30,206.3,206.3,196.5,197.0,1081
2022-07-22 00:00:00+05:30,194.2,201.5,194.2,196.8,812
2022-07-25 00:00:00+05:30,198.15,208.8,194.45,198.1,2935
2022-07-26 00:00:00+05:30,198.5,202.5,198.5,201.55,846
2022-07-27 00:00:00+05:30,202.9,202.9,195.65,196.8,299
2022-07-28 00:00:00+05:30,196.8,209.65,196.8,206.75,4746
2022-07-29 00:00:00+05:30,196.5,208.3,196.5,205.6,313
2022-08-01 00:00:00+05:30,212.2,223.2,206.95,216.95,6665
2022-08-02 00:00:00+05:30,223.2,223.2,213.7,216.0,1309
2022-08-03 00:00:00+05:30,223.05,223.05,207.45,208.45,3108
2022-08-04 00:00:00+05:30,215.0,215.0,209.35,209.65,148
2022-08-05 00:00:00+05:30,220.15,220.15,206.95,208.05,300
2022-08-08 00:00:00+05:30,204.3,216.45,203.9,211.7,846
2022-08-10 00:00:00+05:30,202.3,216.45,202.3,213.0,716
2022-08-11 00:00:00+05:30,213.05,215.7,202.2,203.5,8274
2022-08-12 00:00:00+05:30,208.3,209.0,196.8,201.5,12776
2022-08-16 00:00:00+05:30,196.15,202.1,183.3,200.1,7555
2022-08-17 00:00:00+05:30,196.8,202.85,188.0,190.2,7479
2022-08-18 00:00:00+05:30,191.4,198.25,191.4,193.6,1586
2022-08-19 00:00:00+05:30,197.4,205.55,196.15,201.5,3748
2022-08-22 00:00:00+05:30,201.55,204.75,193.45,194.3,3111
2022-08-23 00:00:00+05:30,194.85,202.9,194.85,200.15,1751
2022-08-24 00:00:00+05:30,199.5,201.9,197.05,200.35,1406
2022-08-25 00:00:00+05:30,192.8,200.2,175.15,196.85,2471
2022-08-26 00:00:00+05:30,192.2,201.5,192.15,200.2,2018
2022-08-29 00:00:00+05:30,203.6,203.6,199.6,200.95,1734
2022-08-30 00:00:00+05:30,202.7,205.6,197.15,203.6,5095
2022-09-01 00:00:00+05:30,206.3,216.4,198.15,206.3,614
2022-09-02 00:00:00+05:30,198.55,209.65,198.55,204.8,574
2022-09-05 00:00:00+05:30,208.3,208.3,198.4,205.0,751
2022-09-06 00:00:00+05:30,205.95,211.65,197.75,199.6,5412
2022-09-07 00:00:00+05:30,197.55,207.45,197.5,206.95,4363
2022-09-08 00:00:00+05:30,206.95,208.65,199.85,203.15,5573
2022-09-09 00:00:00+05:30,209.3,209.3,199.7,205.75,569
2022-09-12 00:00:00+05:30,207.6,207.6,201.7,202.4,2663
2022-09-13 00:00:00+05:30,207.55,213.0,202.95,205.9,4751
2022-09-14 00:00:00+05:30,205.25,215.65,199.5,203.45,12239
2022-09-15 00:00:00+05:30,209.6,217.1,203.6,204.65,1272
2022-09-16 00:00:00+05:30,211.0,211.0,201.2,201.9,3699
2022-09-19 00:00:00+05:30,203.05,208.95,201.2,201.4,2865
2022-09-20 00:00:00+05:30,207.45,208.1,202.2,205.7,994
2022-09-21 00:00:00+05:30,201.75,201.75,201.2,201.2,646
2022-09-22 00:00:00+05:30,206.3,213.05,202.95,210.95,3103
2022-09-23 00:00:00+05:30,207.65,207.65,200.2,201.15,1193
2022-09-26 00:00:00+05:30,199.55,202.85,196.25,197.95,3426
2022-09-27 00:00:00+05:30,202.2,206.3,199.5,205.15,5270
2022-09-28 00:00:00+05:30,206.3,206.3,200.3,201.5,2252
2022-09-29 00:00:00+05:30,206.3,206.3,199.65,199.8,1170
2022-09-30 00:00:00+05:30,199.8,200.2,183.3,190.45,4935
2022-10-03 00:00:00+05:30,196.8,196.8,186.0,190.2,790
2022-10-04 00:00:00+05:30,198.8,198.8,189.35,195.1,568
2022-10-06 00:00:00+05:30,195.1,199.3,192.75,196.15,1241
2022-10-07 00:00:00+05:30,196.15,197.1,183.4,192.1,1104
2022-10-10 00:00:00+05:30,192.1,196.05,189.35,190.75,2685
2022-10-11 00:00:00+05:30,196.05,198.8,190.05,192.5,182
2022-10-12 00:00:00+05:30,198.8,198.8,189.35,190.1,346
2022-10-13 00:00:00+05:30,195.55,195.55,189.35,189.9,2349
2022-10-14 00:00:00+05:30,190.75,195.35,190.1,194.7,467
2022-10-17 00:00:00+05:30,189.35,193.75,186.45,189.4,376
2022-10-19 00:00:00+05:30,190.75,195.45,190.75,192.75,68
2022-10-20 00:00:00+05:30,196.15,202.9,189.7,202.25,5329
2022-10-21 00:00:00+05:30,194.85,211.7,194.85,204.45,1836
2022-10-24 00:00:00+05:30,204.95,212.35,204.95,206.6,495
2022-10-25 00:00:00+05:30,199.1,208.95,198.65,203.7,3682
2022-10-27 00:00:00+05:30,213.0,213.0,204.3,209.45,5868
2022-10-28 00:00:00+05:30,214.75,216.1,199.5,210.35,2485
2022-10-31 00:00:00+05:30,210.35,212.35,203.05,208.6,25234
2022-11-01 00:00:00+05:30,208.3,210.9,199.5,204.0,1916
2022-11-02 00:00:00+05:30,212.35,212.35,206.3,210.35,19683
2022-11-03 00:00:00+05:30,210.35,210.35,199.4,206.2,1870
2022-11-04 00:00:00+05:30,210.25,212.35,204.05,209.65,2032
2022-11-07 00:00:00+05:30,200.25,211.0,200.25,207.3,682
2022-11-09 00:00:00+05:30,207.25,211.25,205.0,208.85,398
2022-11-10 00:00:00+05:30,210.4,210.4,200.25,208.5,1036
2022-11-11 00:00:00+05:30,202.25,210.35,199.5,201.3,11132
2022-11-14 00:00:00+05:30,196.15,196.15,190.1,194.7,3276
2022-11-15 00:00:00+05:30,188.35,202.2,188.35,194.75,893
2022-11-16 00:00:00+05:30,188.4,201.7,188.35,192.75,4119
2022-11-17 00:00:00+05:30,194.4,196.1,192.9,194.05,214
2022-11-18 00:00:00+05:30,193.0,196.15,192.9,192.9,1418
2022-11-21 00:00:00+05:30,192.9,192.9,190.0,190.0,101
2022-11-22 00:00:00+05:30,189.75,194.75,183.85,189.35,3463
2022-11-23 00:00:00+05:30,192.75,196.05,189.35,195.95,798
2022-11-24 00:00:00+05:30,196.15,196.15,190.05,190.4,1246
2022-11-25 00:00:00+05:30,186.15,193.9,182.95,188.25,778
2022-11-28 00:00:00+05:30,192.75,192.75,188.0,188.0,253
2022-11-29 00:00:00+05:30,189.35,197.45,188.05,188.2,835
2022-11-30 00:00:00+05:30,197.35,197.35,188.7,188.7,1734
2022-12-01 00:00:00+05:30,195.35,195.35,185.3,188.15,1254
2022-12-02 00:00:00+05:30,188.15,194.7,184.15,188.15,905
2022-12-05 00:00:00+05:30,189.25,193.4,185.35,190.35,1396
2022-12-06 00:00:00+05:30,191.4,194.25,186.7,193.4,899
2022-12-07 00:00:00+05:30,193.4,204.2,193.4,197.4,4025
2022-12-08 00:00:00+05:30,199.5,202.2,192.3,196.9,1613
2022-12-09 00:00:00+05:30,194.2,201.2,194.2,198.45,1102
2022-12-12 00:00:00+05:30,198.5,198.5,190.3,192.1,2490
2022-12-13 00:00:00+05:30,196.7,196.7,189.4,192.8,1408
2022-12-14 00:00:00+05:30,192.8,192.8,186.0,188.85,291
2022-12-15 00:00:00+05:30,196.1,196.1,188.7,189.15,302
2022-12-16 00:00:00+05:30,192.75,192.75,189.5,191.3,27
2022-12-19 00:00:00+05:30,189.35,196.8,183.3,189.4,2780
2022-12-20 00:00:00+05:30,191.5,191.5,186.25,187.35,994
2022-12-21 00:00:00+05:30,187.35,190.35,186.0,187.2,1439
2022-12-22 00:00:00+05:30,186.65,195.45,182.6,182.65,1011
2022-12-23 00:00:00+05:30,175.85,188.6,175.85,185.2,6041
2022-12-26 00:00:00+05:30,185.2,186.0,179.25,186.0,3170
2022-12-27 00:00:00+05:30,188.0,190.05,180.95,190.0,47
2022-12-28 00:00:00+05:30,188.0,188.65,183.55,185.8,78
2022-12-29 00:00:00+05:30,195.45,195.45,179.25,186.15,240
2022-12-30 00:00:00+05:30,182.8,189.35,179.4,188.0,931
2023-01-02 00:00:00+05:30,188.0,189.35,181.45,182.95,1980
2023-01-03 00:00:00+05:30,187.6,187.6,182.6,185.9,241
2023-01-04 00:00:00+05:30,179.95,185.9,176.75,183.95,547
2023-01-05 00:00:00+05:30,179.45,188.35,179.45,185.2,1298
2023-01-06 00:00:00+05:30,180.45,184.6,179.25,180.2,2820
2023-01-10 00:00:00+05:30,182.6,182.6,172.65,176.75,680
2023-01-11 00:00:00+05:30,173.2,182.4,173.15,176.3,268
2023-01-12 00:00:00+05:30,176.3,176.3,176.3,176.3,7
2023-01-13 00:00:00+05:30,176.3,184.3,176.3,181.2,135
2023-01-16 00:00:00+05:30,181.95,185.3,175.6,184.45,568
2023-01-17 00:00:00+05:30,184.45,184.45,175.85,176.75,1742
2023-01-18 00:00:00+05:30,185.95,196.15,176.5,190.05,5593
2023-01-19 00:00:00+05:30,180.05,192.5,180.05,182.6,825
2023-01-20 00:00:00+05:30,189.05,191.05,180.6,188.9,497
2023-01-23 00:00:00+05:30,185.3,191.0,185.3,186.0,902
2023-01-25 00:00:00+05:30,174.55,193.45,174.2,184.45,878
2023-01-27 00:00:00+05:30,185.25,197.65,172.95,187.2,2913
2023-01-30 00:00:00+05:30,197.5,197.5,176.45,190.75,195
2023-01-31 00:00:00+05:30,179.5,188.65,176.5,182.85,3831
2023-02-01 00:00:00+05:30,196.05,196.05,173.9,184.75,892
2023-02-02 00:00:00+05:30,182.6,192.4,182.6,185.1,2077
2023-02-03 00:00:00+05:30,179.35,189.35,179.35,186.0,208
2023-02-06 00:00:00+05:30,182.6,190.45,181.25,187.9,3109
2023-02-07 00:00:00+05:30,182.6,194.5,176.05,179.5,3515
2023-02-08 00:00:00+05:30,190.0,190.05,182.7,185.2,330
2023-02-09 00:00:00+05:30,186.35,186.35,179.9,179.9,108
2023-02-10 00:00:00+05:30,184.55,184.65,173.15,174.05,853
2023-02-13 00:00:00+05:30,182.6,182.6,172.85,180.55,934
2023-02-14 00:00:00+05:30,180.6,182.6,177.25,182.6,186
2023-02-15 00:00:00+05:30,185.0,192.15,179.25,187.3,3414
2023-02-16 00:00:00+05:30,194.05,194.05,176.2,185.2,1419
2023-02-17 00:00:00+05:30,179.3,186.0,179.3,182.7,4178
2023-02-20 00:00:00+05:30,182.7,189.85,179.75,188.55,222
2023-02-21 00:00:00+05:30,173.0,188.85,173.0,180.1,463
2023-02-22 00:00:00+05:30,180.1,180.9,177.25,179.15,322
2023-02-23 00:00:00+05:30,179.55,188.3,179.55,186.0,4243
2023-02-24 00:00:00+05:30,179.25,190.0,179.25,182.8,1595
2023-02-27 00:00:00+05:30,180.0,180.0,177.9,179.3,492
2023-02-28 00:00:00+05:30,186.0,186.0,175.25,175.5,614
2023-03-01 00:00:00+05:30,179.25,186.65,179.25,181.95,704
2023-03-02 00:00:00+05:30,183.95,183.95,179.25,179.85,793
2023-03-03 00:00:00+05:30,179.95,182.6,176.55,181.75,1205
2023-03-06 00:00:00+05:30,158.95,184.3,158.95,178.1,297
2023-03-08 00:00:00+05:30,182.6,182.6,173.9,182.3,219
2023-03-09 00:00:00+05:30,185.2,185.2,181.25,184.55,359
2023-03-10 00:00:00+05:30,184.15,184.8,177.95,184.75,6179
2023-03-13 00:00:00+05:30,184.65,184.65,175.85,184.55,7888
2023-03-14 00:00:00+05:30,184.65,187.3,179.3,183.75,439
2023-03-15 00:00:00+05:30,177.55,183.2,176.5,176.8,957
2023-03-16 00:00:00+05:30,175.85,179.25,173.8,178.2,923
2023-03-17 00:00:00+05:30,177.9,177.9,174.45,174.45,327
2023-03-20 00:00:00+05:30,177.2,181.2,169.1,179.05,1708
2023-03-21 00:00:00+05:30,182.55,182.6,176.05,182.25,5511
2023-03-22 00:00:00+05:30,182.6,182.6,176.1,176.85,163
2023-03-23 00:00:00+05:30,176.85,182.15,175.9,178.95,552
2023-03-24 00:00:00+05:30,180.6,180.6,175.9,176.5,4
2023-03-27 00:00:00+05:30,175.85,180.55,173.9,178.75,217
2023-03-28 00:00:00+05:30,172.45,183.2,172.45,174.4,7628
2023-03-29 00:00:00+05:30,174.5,179.75,170.6,170.7,1934
2023-03-31 00:00:00+05:30,177.9,180.6,171.1,175.5,2385
2023-04-03 00:00:00+05:30,178.55,182.6,178.55,181.6,1112
2023-04-05 00:00:00+05:30,169.65,196.5,169.1,179.3,9463
2023-04-06 00:00:00+05:30,179.25,185.3,179.25,180.05,1925
2023-04-10 00:00:00+05:30,182.6,182.6,181.95,181.95,81
2023-04-11 00:00:00+05:30,175.9,183.3,175.85,177.65,2018
2023-04-12 00:00:00+05:30,174.65,183.1,174.65,179.25,3926
2023-04-13 00:00:00+05:30,182.6,182.6,176.65,177.15,908
2023-04-17 00:00:00+05:30,176.85,185.95,176.85,185.3,322
2023-04-18 00:00:00+05:30,184.65,185.25,184.6,184.6,889
2023-04-19 00:00:00+05:30,184.6,184.6,177.35,184.6,1733
2023-04-20 00:00:00+05:30,183.3,184.6,178.9,179.15,957
2023-04-21 00:00:00+05:30,185.3,188.35,176.55,180.25,889
2023-04-24 00:00:00+05:30,177.2,185.5,177.2,185.5,605
2023-04-25 00:00:00+05:30,178.0,185.05,178.0,180.1,203
2023-04-26 00:00:00+05:30,185.45,185.45,178.2,178.2,1496
2023-04-27 00:00:00+05:30,185.3,185.3,178.3,179.65,1143
2023-04-28 00:00:00+05:30,185.2,185.2,179.9,179.9,1422
2023-05-02 00:00:00+05:30,172.85,185.25,172.85,185.25,547
2023-05-03 00:00:00+05:30,185.1,190.0,179.9,189.95,1277
2023-05-04 00:00:00+05:30,192.75,192.75,182.6,182.95,3077
2023-05-05 00:00:00+05:30,182.6,182.6,180.05,180.75,1353
2023-05-08 00:00:00+05:30,189.15,191.4,183.35,190.95,1518
2023-05-09 00:00:00+05:30,194.75,194.75,183.25,189.15,259
2023-05-10 00:00:00+05:30,189.2,189.2,181.5,181.5,30
2023-05-11 00:00:00+05:30,181.3,183.0,181.3,183.0,920
2023-05-12 00:00:00+05:30,189.25,189.25,182.6,184.55,213
2023-05-15 00:00:00+05:30,181.2,187.2,181.2,182.15,451
2023-05-16 00:00:00+05:30,181.95,185.85,181.95,185.85,979
2023-05-17 00:00:00+05:30,184.5,186.0,182.6,183.0,421
2023-05-18 00:00:00+05:30,185.9,191.25,185.9,186.55,2256
2023-05-19 00:00:00+05:30,189.6,189.6,185.3,186.0,98
2023-05-22 00:00:00+05:30,188.65,188.7,188.0,188.2,550
2023-05-23 00:00:00+05:30,186.0,187.35,186.0,187.35,118
2023-05-24 00:00:00+05:30,189.35,189.35,185.0,186.0,758
2023-05-25 00:00:00+05:30,179.25,192.1,179.25,190.05,3299
2023-05-26 00:00:00+05:30,184.65,189.35,184.65,187.5,210
2023-05-29 00:00:00+05:30,187.5,190.05,183.95,185.1,529
2023-05-30 00:00:00+05:30,181.35,189.3,181.0,186.0,976
2023-05-31 00:00:00+05:30,181.0,182.6,173.3,182.25,2029
2023-06-01 00:00:00+05:30,185.2,185.2,180.25,180.95,1343
2023-06-02 00:00:00+05:30,181.25,186.75,180.15,180.15,1884
2023-06-05 00:00:00+05:30,180.2,183.9,178.3,180.1,3600
2023-06-06 00:00:00+05:30,177.2,186.45,177.2,185.2,705
2023-06-07 00:00:00+05:30,183.4,187.9,181.6,182.5,3614
2023-06-08 00:00:00+05:30,181.95,183.95,179.3,183.3,2993
2023-06-09 00:00:00+05:30,183.3,183.3,179.05,183.3,330
2023-06-12 00:00:00+05:30,183.3,185.6,182.6,185.6,383
2023-06-13 00:00:00+05:30,182.6,188.45,182.6,184.25,871
2023-06-14 00:00:00+05:30,188.7,193.75,182.7,185.5,2882
2023-06-15 00:00:00+05:30,189.3,192.7,185.3,185.95,9467
2023-06-16 00:00:00+05:30,191.1,194.75,183.4,184.6,6018
2023-06-19 00:00:00+05:30,192.1,192.1,178.55,179.15,9256
2023-06-20 00:00:00+05:30,176.55,176.6,169.8,170.7,8407
2023-06-21 00:00:00+05:30,179.15,179.75,171.2,171.5,5064
2023-06-22 00:00:00+05:30,173.15,173.2,170.1,171.65,510
2023-06-23 00:00:00+05:30,164.4,177.9,164.4,165.7,6263
2023-06-26 00:00:00+05:30,170.45,170.45,161.7,162.3,8336
2023-06-27 00:00:00+05:30,171.75,174.5,160.5,165.4,3803
2023-06-28 00:00:00+05:30,160.3,169.1,158.95,166.85,1660
2023-06-30 00:00:00+05:30,165.7,167.75,165.05,167.75,801
2023-07-03 00:00:00+05:30,165.75,173.8,165.7,170.45,2627
2023-07-04 00:00:00+05:30,166.4,175.85,166.4,173.85,485
2023-07-05 00:00:00+05:30,172.45,175.85,167.75,174.1,1898
2023-07-06 00:00:00+05:30,172.45,172.45,170.65,170.65,611
2023-07-07 00:00:00+05:30,170.65,175.15,170.65,174.75,4198
2023-07-10 00:00:00+05:30,176.5,177.9,173.15,176.85,1248
2023-07-11 00:00:00+05:30,180.5,180.5,172.5,175.95,639
2023-07-12 00:00:00+05:30,180.9,188.0,176.05,185.2,6750
2023-07-13 00:00:00+05:30,219.4,222.25,189.35,206.9,45919
2023-07-14 00:00:00+05:30,209.65,209.65,195.45,201.3,13282
2023-07-17 00:00:00+05:30,196.15,202.9,190.5,199.45,5385
2023-07-18 00:00:00+05:30,192.9,202.9,186.0,194.05,6452
2023-07-19 00:00:00+05:30,193.45,198.0,182.6,186.15,11926
2023-07-20 00:00:00+05:30,181.6,190.75,181.6,182.9,1411
2023-07-21 00:00:00+05:30,186.0,196.05,186.0,187.5,1190
2023-07-24 00:00:00+05:30,189.35,196.15,186.7,195.5,1844
2023-07-25 00:00:00+05:30,195.5,197.5,190.2,195.95,1152
2023-07-26 00:00:00+05:30,198.85,202.2,192.75,196.0,6614
2023-07-27 00:00:00+05:30,190.85,199.4,188.1,197.4,1486
2023-07-28 00:00:00+05:30,202.35,202.35,192.75,196.25,3262
2023-07-31 00:00:00+05:30,198.8,198.8,196.8,197.95,89
2023-08-01 00:00:00+05:30,198.8,198.8,191.65,196.05,297
2023-08-02 00:00:00+05:30,191.5,196.8,187.35,187.35,2357
2023-08-03 00:00:00+05:30,191.8,197.4,191.8,192.75,821
2023-08-04 00:00:00+05:30,196.0,196.8,192.1,194.5,1971
2023-08-07 00:00:00+05:30,201.55,201.55,189.4,189.4,2592
2023-08-08 00:00:00+05:30,195.8,195.8,189.4,189.4,241
2023-08-09 00:00:00+05:30,195.45,199.2,191.95,196.15,881
2023-08-10 00:00:00+05:30,195.8,196.05,188.15,188.85,520
2023-08-11 00:00:00+05:30,193.35,194.7,189.35,190.75,2364
2023-08-14 00:00:00+05:30,195.45,195.45,189.45,193.4,336
2023-08-16 00:00:00+05:30,194.7,194.8,182.6,189.0,10992
2023-08-17 00:00:00+05:30,195.35,195.35,192.1,192.15,3858
2023-08-18 00:00:00+05:30,194.75,196.45,192.8,193.1,921
2023-08-21 00:00:00+05:30,189.45,189.75,189.4,189.5,4601
2023-08-22 00:00:00+05:30,189.35,192.5,185.5,188.0,11502
2023-08-23 00:00:00+05:30,195.8,195.8,187.65,190.75,4845
2023-08-24 00:00:00+05:30,190.05,195.4,187.7,192.55,11203
2023-08-25 00:00:00+05:30,188.1,194.05,188.1,194.05,727
2023-08-28 00:00:00+05:30,194.05,195.45,187.35,189.6,3646
2023-08-29 00:00:00+05:30,188.75,191.35,188.75,189.65,516
2023-08-30 00:00:00+05:30,188.05,189.8,188.05,189.6,1989
2023-08-31 00:00:00+05:30,192.75,192.75,188.1,190.65,584
2023-09-01 00:00:00+05:30,188.0,191.45,188.0,191.45,4177
2023-09-04 00:00:00+05:30,191.45,196.05,189.7,194.7,1930
2023-09-05 00:00:00+05:30,196.05,209.65,190.4,198.15,8434
2023-09-06 00:00:00+05:30,198.15,215.7,193.45,208.65,17655
2023-09-07 00:00:00+05:30,209.65,210.35,199.0,203.95,13669
2023-09-08 00:00:00+05:30,203.0,209.35,202.9,204.25,2215
2023-09-11 00:00:00+05:30,205.6,206.0,198.95,199.6,852
2023-09-12 00:00:00+05:30,199.95,200.0,190.1,194.75,5855
2023-09-13 00:00:00+05:30,190.75,198.8,190.75,198.45,154
2023-09-14 00:00:00+05:30,199.5,199.5,192.2,194.2,791
2023-09-15 00:00:00+05:30,198.05,198.8,192.8,194.1,271
2023-09-18 00:00:00+05:30,191.45,200.75,191.45,194.25,1916
2023-09-20 00:00:00+05:30,199.5,199.5,192.75,192.8,4356
2023-09-21 00:00:00+05:30,197.4,197.4,192.8,196.05,557
2023-09-22 00:00:00+05:30,191.45,201.2,191.45,197.95,4381
2023-09-25 00:00:00+05:30,197.95,197.95,192.9,194.7,1403
2023-09-26 00:00:00+05:30,198.6,198.6,192.9,192.9,1175
2023-09-27 00:00:00+05:30,192.8,193.1,192.8,192.8,4725
2023-09-28 00:00:00+05:30,196.15,199.5,192.8,192.8,3135
2023-09-29 00:00:00+05:30,192.8,198.85,188.85,191.25,5936
2023-10-03 00:00:00+05:30,199.45,199.45,192.75,192.85,1476
2023-10-04 00:00:00+05:30,192.75,193.25,192.1,192.5,2015
2023-10-05 00:00:00+05:30,190.75,195.8,189.35,192.75,1359
2023-10-06 00:00:00+05:30,192.8,202.2,192.8,196.8,3547
2023-10-09 00:00:00+05:30,196.05,196.05,190.2,192.05,1215
2023-10-10 00:00:00+05:30,195.2,195.2,192.1,192.1,2548
2023-10-11 00:00:00+05:30,192.2,198.1,192.2,196.15,1782
2023-10-12 00:00:00+05:30,202.85,202.85,196.15,196.15,1140
2023-10-13 00:00:00+05:30,196.15,196.15,193.55,194.2,4990
2023-10-16 00:00:00+05:30,196.15,198.8,175.85,188.8,18726
2023-10-17 00:00:00+05:30,190.05,198.15,190.05,191.75,2488
2023-10-18 00:00:00+05:30,191.75,192.75,189.45,190.05,3463
2023-10-19 00:00:00+05:30,189.5,196.15,189.45,196.1,2273
2023-10-20 00:00:00+05:30,191.75,195.9,191.45,191.45,1282
2023-10-23 00:00:00+05:30,191.45,191.45,189.35,189.55,4777
2023-10-25 00:00:00+05:30,190.1,196.15,190.1,192.75,1507
2023-10-26 00:00:00+05:30,192.75,192.75,186.65,189.35,4230
2023-10-27 00:00:00+05:30,188.15,196.05,188.0,191.3,974
2023-10-30 00:00:00+05:30,197.45,202.2,189.45,191.9,1684
2023-10-31 00:00:00+05:30,192.1,192.1,192.1,192.1,13
2023-11-01 00:00:00+05:30,192.1,192.1,192.1,192.1,299
2023-11-02 00:00:00+05:30,197.35,197.35,192.1,195.9,47
2023-11-03 00:00:00+05:30,196.05,196.15,192.1,192.1,1217
2023-11-06 00:00:00+05:30,192.1,192.1,192.1,192.1,191
2023-11-07 00:00:00+05:30,192.1,197.5,191.9,195.7,2907
2023-11-08 00:00:00+05:30,184.05,200.85,184.05,192.75,699
2023-11-09 00:00:00+05:30,192.75,201.45,192.75,199.3,3982
2023-11-10 00:00:00+05:30,189.35,190.05,184.65,190.0,6578
2023-11-12 00:00:00+05:30,190.0,190.0,183.3,185.7,2058
2023-11-13 00:00:00+05:30,190.0,190.0,186.05,186.8,2036
2023-11-15 00:00:00+05:30,186.65,190.0,186.0,188.65,3915
2023-11-16 00:00:00+05:30,187.2,189.7,187.2,189.7,517
2023-11-17 00:00:00+05:30,186.05,196.15,186.05,186.55,14672
2023-11-20 00:00:00+05:30,182.8,189.35,181.4,187.35,315
2023-11-21 00:00:00+05:30,195.1,195.1,183.7,183.8,1353
2023-11-22 00:00:00+05:30,184.15,189.35,183.95,184.7,6013
2023-11-23 00:00:00+05:30,194.8,194.8,184.3,184.4,1000
2023-11-24 00:00:00+05:30,186.0,188.65,180.25,184.45,1529
2023-11-28 00:00:00+05:30,186.0,194.75,186.0,186.65,9988
2023-11-29 00:00:00+05:30,194.1,194.1,183.4,189.35,7378
2023-11-30 00:00:00+05:30,186.05,186.1,185.4,186.0,448
2023-12-01 00:00:00+05:30,192.4,192.4,183.4,189.35,1965
2023-12-04 00:00:00+05:30,197.75,197.75,186.0,186.55,970
2023-12-05 00:00:00+05:30,195.05,195.05,184.05,188.95,4007
2023-12-06 00:00:00+05:30,184.15,189.25,182.75,183.15,3291
2023-12-07 00:00:00+05:30,188.0,188.0,183.45,184.45,3041
2023-12-08 00:00:00+05:30,194.6,194.7,182.7,188.45,9869
2023-12-11 00:00:00+05:30,188.0,188.0,183.3,185.5,1995
2023-12-12 00:00:00+05:30,182.8,192.65,182.8,188.75,3483
2023-12-13 00:00:00+05:30,192.75,192.75,184.9,188.45,470
2023-12-14 00:00:00+05:30,186.05,186.05,186.05,186.05,106
2023-12-15 00:00:00+05:30,186.05,192.7,184.05,190.25,2141
2023-12-18 00:00:00+05:30,186.0,190.05,183.55,189.95,583
2023-12-19 00:00:00+05:30,184.5,189.85,184.5,189.35,727
2023-12-20 00:00:00+05:30,184.9,191.35,184.65,187.25,662
2023-12-21 00:00:00+05:30,187.35,191.3,187.35,189.45,1675
2023-12-22 00:00:00+05:30,185.7,188.7,185.7,186.05,1215
2023-12-26 00:00:00+05:30,184.7,197.35,184.7,190.4,3390
2023-12-27 00:00:00+05:30,185.8,193.35,182.65,186.8,5527
2023-12-28 00:00:00+05:30,186.35,192.05,186.3,191.15,2284
2023-12-29 00:00:00+05:30,200.15,200.15,187.7,192.0,1165
2024-01-01 00:00:00+05:30,192.4,192.4,185.3,187.85,3228
2024-01-02 00:00:00+05:30,190.65,190.65,182.6,188.65,1365
2024-01-03 00:00:00+05:30,186.0,194.7,186.0,191.9,4343
2024-01-04 00:00:00+05:30,192.4,192.4,186.95,187.4,661
2024-01-05 00:00:00+05:30,184.05,193.85,184.05,191.25,714
2024-01-08 00:00:00+05:30,185.4,198.15,185.4,195.45,5947
2024-01-09 00:00:00+05:30,195.45,198.8,188.15,189.7,1510
2024-01-10 00:00:00+05:30,195.85,212.95,192.75,204.35,31322
2024-01-11 00:00:00+05:30,212.35,236.6,199.6,224.55,35459
2024-01-12 00:00:00+05:30,236.7,236.7,216.0,219.65,13178
2024-01-15 00:00:00+05:30,239.25,263.6,239.25,263.6,91212
2024-01-16 00:00:00+05:30,284.05,297.25,274.6,278.7,90216
2024-01-17 00:00:00+05:30,277.3,295.2,267.8,283.5,84564
2024-01-18 00:00:00+05:30,255.1,275.0,255.1,255.2,62605
2024-01-19 00:00:00+05:30,256.0,260.0,237.0,239.9,10785
2024-01-20 00:00:00+05:30,248.0,263.85,221.8,235.8,19133
2024-01-23 00:00:00+05:30,234.0,244.7,222.0,223.05,16184
2024-01-24 00:00:00+05:30,221.05,233.8,221.05,224.2,3578
2024-01-25 00:00:00+05:30,221.05,234.4,221.05,228.8,2771
2024-01-29 00:00:00+05:30,229.05,237.0,229.05,234.4,2638
2024-01-30 00:00:00+05:30,238.9,239.7,222.7,227.2,9378
2024-01-31 00:00:00+05:30,230.3,238.5,219.0,225.25,4448
2024-02-01 00:00:00+05:30,230.0,230.0,220.1,222.05,4128
2024-02-02 00:00:00+05:30,228.95,233.0,222.0,231.35,5380
2024-02-05 00:00:00+05:30,232.0,234.9,224.2,225.05,4873
2024-02-06 00:00:00+05:30,228.9,231.0,224.0,228.1,1011
2024-02-07 00:00:00+05:30,228.1,231.95,220.0,229.95,3835
2024-02-08 00:00:00+05:30,229.95,229.95,218.5,225.0,2176
2024-02-09 00:00:00+05:30,229.95,229.95,221.25,223.05,1198
2024-02-12 00:00:00+05:30,225.0,225.0,219.1,221.0,1606
2024-02-13 00:00:00+05:30,221.0,224.8,216.1,219.05,925
2024-02-14 00:00:00+05:30,216.1,225.0,215.8,218.7,2476
2024-02-15 00:00:00+05:30,213.0,227.0,213.0,218.85,2529
2024-02-16 00:00:00+05:30,228.85,228.85,210.05,214.3,1693
2024-02-19 00:00:00+05:30,219.0,225.0,219.0,225.0,2803
2024-02-20 00:00:00+05:30,225.0,236.2,225.0,230.25,2449
2024-02-21 00:00:00+05:30,230.25,230.25,225.05,226.15,2385
2024-02-22 00:00:00+05:30,230.0,234.75,225.05,231.6,2339
2024-02-23 00:00:00+05:30,226.2,232.0,226.2,231.75,1584
2024-02-26 00:00:00+05:30,239.0,239.0,225.5,227.55,1596
2024-02-27 00:00:00+05:30,225.05,234.9,225.05,227.1,967
2024-02-28 00:00:00+05:30,227.0,234.8,220.0,228.95,2225
2024-02-29 00:00:00+05:30,223.2,231.9,220.55,223.05,294
2024-03-01 00:00:00+05:30,223.05,229.95,218.05,222.1,3493
2024-03-02 00:00:00+05:30,220.0,232.9,215.45,225.7,286
2024-03-04 00:00:00+05:30,220.05,233.8,215.7,224.85,1735
2024-03-05 00:00:00+05:30,222.0,229.95,215.0,223.65,1927
2024-03-06 00:00:00+05:30,215.0,215.0,212.5,212.5,2508
2024-03-07 00:00:00+05:30,212.5,218.0,201.9,201.9,5443
2024-03-11 00:00:00+05:30,202.15,202.15,191.85,191.9,9688
2024-03-12 00:00:00+05:30,189.95,189.95,182.35,182.35,5188
2024-03-13 00:00:00+05:30,185.0,185.0,174.1,180.0,9920
2024-03-14 00:00:00+05:30,180.0,189.0,175.5,183.1,9509
2024-03-15 00:00:00+05:30,192.25,192.25,189.0,191.0,7559
2024-03-18 00:00:00+05:30,190.0,190.5,183.15,185.7,5723
2024-03-19 00:00:00+05:30,185.0,185.7,183.0,185.7,1499
2024-03-20 00:00:00+05:30,186.0,191.65,186.0,191.5,1330
2024-03-21 00:00:00+05:30,194.7,194.7,185.2,188.0,13322
2024-03-22 00:00:00+05:30,185.7,189.5,185.0,189.5,6648
2024-03-26 00:00:00+05:30,189.4,189.4,181.1,183.2,9278
2024-03-27 00:00:00+05:30,183.2,192.35,180.5,192.25,16001
2024-03-28 00:00:00+05:30,184.5,201.5,183.5,187.7,1452
2024-04-01 00:00:00+05:30,190.05,193.05,188.7,191.5,2700
2024-04-02 00:00:00+05:30,195.0,201.05,191.5,201.05,3251
2024-04-03 00:00:00+05:30,209.8,211.1,202.0,211.1,7891
2024-04-04 00:00:00+05:30,221.0,221.0,211.55,218.85,1267
2024-04-05 00:00:00+05:30,213.4,224.2,208.7,219.0,1239
2024-04-08 00:00:00+05:30,215.0,224.9,208.05,215.2,419
2024-04-09 00:00:00+05:30,210.6,220.05,210.6,219.95,86
2024-04-10 00:00:00+05:30,210.4,218.0,209.0,211.6,606
2024-04-12 00:00:00+05:30,211.5,215.0,210.1,210.1,697
2024-04-15 00:00:00+05:30,200.4,209.95,200.0,205.05,235
2024-04-16 00:00:00+05:30,196.0,210.0,194.8,205.1,744
2024-04-18 00:00:00+05:30,200.0,205.0,200.0,200.5,1206
2024-04-19 00:00:00+05:30,209.9,210.5,209.0,210.5,1265
2024-04-22 00:00:00+05:30,219.95,219.95,210.6,218.95,282
2024-04-23 00:00:00+05:30,218.9,224.9,212.2,224.5,4686
2024-04-24 00:00:00+05:30,224.5,224.5,217.15,224.35,796
2024-04-25 00:00:00+05:30,223.9,223.9,215.8,215.9,743
2024-04-26 00:00:00+05:30,224.9,226.1,210.75,224.1,3387
2024-04-29 00:00:00+05:30,223.95,225.9,216.85,220.3,2046
2024-04-30 00:00:00+05:30,221.0,226.9,216.1,216.25,1609
2024-05-02 00:00:00+05:30,219.55,226.0,219.55,222.8,214
2024-05-03 00:00:00+05:30,222.5,227.45,220.05,221.25,523
2024-05-06 00:00:00+05:30,226.8,232.0,219.95,225.85,6578
2024-05-07 00:00:00+05:30,223.6,229.95,219.0,226.0,3916
2024-05-08 00:00:00+05:30,228.0,233.05,223.45,228.4,948
2024-05-09 00:00:00+05:30,231.0,233.0,219.45,220.0,746
2024-05-10 00:00:00+05:30,230.0,230.7,221.0,223.25,55
2024-05-13 00:00:00+05:30,229.0,229.0,224.05,224.05,1140
2024-05-14 00:00:00+05:30,224.5,232.0,224.5,229.05,1208
2024-05-15 00:00:00+05:30,229.5,237.95,228.0,235.2,1302
2024-05-16 00:00:00+05:30,233.0,239.85,228.1,234.95,811
2024-05-17 00:00:00+05:30,234.95,240.45,229.05,229.35,865
2024-05-18 00:00:00+05:30,239.0,239.0,218.95,227.15,86
2024-05-21 00:00:00+05:30,222.65,228.0,216.0,225.05,3042
2024-05-22 00:00:00+05:30,230.7,231.5,223.05,228.75,1994
2024-05-23 00:00:00+05:30,223.05,228.0,223.05,223.65,107
2024-05-24 00:00:00+05:30,223.0,234.8,214.75,234.8,842
2024-05-27 00:00:00+05:30,230.0,230.0,223.1,224.55,583
2024-05-28 00:00:00+05:30,214.0,231.7,214.0,219.55,257
2024-05-29 00:00:00+05:30,220.5,228.2,213.0,218.55,131
2024-05-30 00:00:00+05:30,229.0,229.0,218.25,226.65,779
2024-05-31 00:00:00+05:30,226.65,226.65,217.65,219.85,397
2024-06-03 00:00:00+05:30,212.25,227.6,212.25,217.0,279
2024-06-04 00:00:00+05:30,221.35,221.35,206.15,207.3,1049
2024-06-05 00:00:00+05:30,197.0,217.65,196.95,209.6,2575
2024-06-06 00:00:00+05:30,210.45,214.0,210.45,213.3,539
2024-06-07 00:00:00+05:30,217.05,226.95,216.0,217.0,308
2024-06-10 00:00:00+05:30,218.35,225.9,218.35,225.05,1664
2024-06-11 00:00:00+05:30,229.55,234.85,217.55,219.55,367
2024-06-12 00:00:00+05:30,220.0,235.95,219.25,234.25,496
2024-06-13 00:00:00+05:30,227.65,240.4,227.65,228.6,179
2024-06-14 00:00:00+05:30,228.0,244.95,227.95,238.15,3746
2024-06-18 00:00:00+05:30,238.15,242.0,225.0,231.6,1790
2024-06-19 00:00:00+05:30,230.0,240.8,220.7,225.7,304
2024-06-20 00:00:00+05:30,224.0,235.0,224.0,233.45,1195
2024-06-21 00:00:00+05:30,233.45,240.9,228.0,236.7,1647
2024-06-24 00:00:00+05:30,240.0,240.0,226.15,230.4,934
2024-06-25 00:00:00+05:30,230.0,230.0,216.3,218.95,3911
2024-06-26 00:00:00+05:30,218.0,229.0,218.0,225.25,1754
2024-06-27 00:00:00+05:30,225.25,231.95,221.05,223.05,120
2024-06-28 00:00:00+05:30,215.5,226.0,215.5,220.1,179
2024-07-01 00:00:00+05:30,227.8,234.0,218.0,219.4,1286
2024-07-02 00:00:00+05:30,228.0,234.0,226.3,227.35,1654
2024-07-03 00:00:00+05:30,227.25,240.9,220.95,231.05,1443
2024-07-04 00:00:00+05:30,231.0,239.6,224.5,227.3,940
2024-07-05 00:00:00+05:30,238.4,239.5,229.5,230.15,576
2024-07-08 00:00:00+05:30,240.5,240.5,229.9,230.0,1614
2024-07-09 00:00:00+05:30,230.2,232.9,230.2,231.85,79
2024-07-10 00:00:00+05:30,231.85,231.85,228.05,228.1,694
2024-07-11 00:00:00+05:30,228.0,235.0,222.6,225.1,472
2024-07-12 00:00:00+05:30,225.15,242.95,225.15,236.55,2811
2024-07-15 00:00:00+05:30,240.8,240.8,227.1,228.05,1740
2024-07-16 00:00:00+05:30,242.45,242.45,220.0,224.35,3096
2024-07-18 00:00:00+05:30,237.4,237.4,221.0,226.0,986
2024-07-19 00:00:00+05:30,220.0,222.7,220.0,222.7,20
2024-07-22 00:00:00+05:30,222.75,222.75,211.5,216.2,525
2024-07-23 00:00:00+05:30,225.0,230.0,210.1,224.8,465
2024-07-24 00:00:00+05:30,230.0,230.0,222.0,227.85,293
2024-07-25 00:00:00+05:30,221.0,233.1,221.0,229.15,1302
2024-07-26 00:00:00+05:30,229.15,242.85,225.5,230.2,1898
2024-07-29 00:00:00+05:30,243.0,243.0,226.0,229.35,1084
2024-07-30 00:00:00+05:30,221.4,230.0,221.4,224.15,2670
2024-07-31 00:00:00+05:30,225.15,225.45,225.1,225.45,301
2024-08-01 00:00:00+05:30,229.0,233.6,229.0,231.0,152
2024-08-02 00:00:00+05:30,233.6,233.6,216.0,232.9,1531
2024-08-05 00:00:00+05:30,221.4,238.3,220.0,221.85,2077
2024-08-06 00:00:00+05:30,221.85,236.95,214.15,232.8,3024
2024-08-07 00:00:00+05:30,222.75,239.2,222.75,233.0,471
2024-08-08 00:00:00+05:30,234.95,237.0,226.25,226.85,1547
2024-08-09 00:00:00+05:30,227.0,238.95,223.15,235.1,607
2024-08-12 00:00:00+05:30,235.0,235.0,225.0,225.05,605
2024-08-13 00:00:00+05:30,222.05,234.45,222.05,232.35,869
2024-08-14 00:00:00+05:30,234.7,235.0,234.65,234.65,150
2024-08-16 00:00:00+05:30,234.7,243.4,225.0,241.15,1953
2024-08-19 00:00:00+05:30,241.15,243.95,239.9,241.7,482
2024-08-20 00:00:00+05:30,239.9,239.9,232.1,239.0,150
2024-08-21 00:00:00+05:30,243.8,243.8,235.0,241.75,594
2024-08-22 00:00:00+05:30,241.75,241.75,240.95,241.5,559
2024-08-23 00:00:00+05:30,241.5,241.5,240.8,240.8,14
2024-08-26 00:00:00+05:30,236.0,236.1,235.0,235.0,541
2024-08-27 00:00:00+05:30,225.7,243.35,220.0,221.85,6804
2024-08-28 00:00:00+05:30,223.95,225.75,218.05,225.3,3175
2024-08-29 00:00:00+05:30,229.95,229.95,221.15,225.05,1207
2024-08-30 00:00:00+05:30,225.05,229.9,222.05,223.7,1672
2024-09-02 00:00:00+05:30,226.8,226.8,220.1,221.55,1386
2024-09-03 00:00:00+05:30,223.8,226.5,217.1,224.25,3443
2024-09-04 00:00:00+05:30,224.25,226.45,220.25,220.55,955
2024-09-05 00:00:00+05:30,220.55,229.55,220.25,226.75,2646
2024-09-06 00:00:00+05:30,221.1,225.0,221.0,224.3,2163
2024-09-09 00:00:00+05:30,220.25,228.4,219.1,221.55,6613
2024-09-10 00:00:00+05:30,220.0,231.4,220.0,225.2,10478
2024-09-11 00:00:00+05:30,225.15,230.95,225.15,227.4,6943
2024-09-12 00:00:00+05:30,227.05,231.85,223.15,225.15,3724
2024-09-13 00:00:00+05:30,225.15,227.05,222.0,225.1,2157
2024-09-16 00:00:00+05:30,228.0,229.9,221.3,229.65,550
2024-09-17 00:00:00+05:30,228.0,234.45,222.0,231.0,470
2024-09-18 00:00:00+05:30,228.0,228.0,224.15,224.15,1600
2024-09-19 00:00:00+05:30,231.8,231.8,222.0,227.0,706
2024-09-20 00:00:00+05:30,227.0,227.0,220.0,222.6,1743
2024-09-23 00:00:00+05:30,222.0,228.0,210.0,216.05,13012
2024-09-24 00:00:00+05:30,220.7,220.7,216.0,216.2,662
2024-09-25 00:00:00+05:30,216.05,227.8,215.05,220.85,2833
2024-09-26 00:00:00+05:30,224.6,227.9,218.65,220.15,1186
2024-09-27 00:00:00+05:30,216.2,224.0,216.2,221.0,179
2024-09-30 00:00:00+05:30,221.0,221.0,215.0,216.5,1503
2024-10-01 00:00:00+05:30,216.65,218.0,216.65,218.0,215
2024-10-03 00:00:00+05:30,218.0,222.0,210.15,214.6,4467
2024-10-04 00:00:00+05:30,212.65,217.95,210.15,213.7,1651
2024-10-07 00:00:00+05:30,213.0,213.0,204.2,206.2,1046
2024-10-08 00:00:00+05:30,206.45,220.0,206.25,210.2,2032
2024-10-09 00:00:00+05:30,218.95,220.0,217.1,218.9,454
2024-10-10 00:00:00+05:30,221.85,221.85,214.05,218.0,24
2024-10-11 00:00:00+05:30,218.0,220.4,211.45,215.8,571
2024-10-14 00:00:00+05:30,222.0,222.0,208.0,210.0,1779
2024-10-15 00:00:00+05:30,219.95,220.0,213.7,214.7,2633
2024-10-16 00:00:00+05:30,216.0,217.85,214.0,217.85,853
2024-10-17 00:00:00+05:30,218.0,218.0,212.0,212.8,2380
2024-10-18 00:00:00+05:30,212.8,215.0,207.0,209.4,3897
2024-10-21 00:00:00+05:30,209.4,216.95,205.05,206.05,1332
2024-10-22 00:00:00+05:30,218.95,218.95,195.05,197.5,767
2024-10-23 00:00:00+05:30,214.95,214.95,197.7,203.45,184
2024-10-24 00:00:00+05:30,207.95,207.95,207.95,207.95,20
2024-10-25 00:00:00+05:30,207.9,207.9,181.7,191.3,1306
2024-10-28 00:00:00+05:30,193.55,205.85,193.55,198.8,321
2024-10-29 00:00:00+05:30,210.9,210.9,191.15,195.1,111
2024-10-30 00:00:00+05:30,194.05,208.85,194.05,202.45,1057
2024-10-31 00:00:00+05:30,213.6,213.6,201.0,205.1,2545
2024-11-01 00:00:00+05:30,216.7,216.7,213.95,214.2,209
2024-11-04 00:00:00+05:30,216.95,216.95,203.1,207.95,310
2024-11-05 00:00:00+05:30,207.95,211.95,205.0,209.95,2882
2024-11-06 00:00:00+05:30,216.9,216.9,211.0,214.7,546
2024-11-07 00:00:00+05:30,212.0,216.95,208.2,215.85,262
2024-11-08 00:00:00+05:30,204.05,215.0,204.05,213.9,938
2024-11-11 00:00:00+05:30,217.95,217.95,213.9,213.9,12
2024-11-12 00:00:00+05:30,207.0,213.7,207.0,208.15,177
2024-11-13 00:00:00+05:30,212.35,213.0,208.15,213.0,56
2024-11-14 00:00:00+05:30,217.0,217.3,214.25,214.25,93
2024-11-18 00:00:00+05:30,216.9,216.9,209.0,212.65,149
2024-11-19 00:00:00+05:30,214.0,214.0,213.95,213.95,25
2024-11-21 00:00:00+05:30,213.9,213.9,208.2,212.0,1399
2024-11-22 00:00:00+05:30,213.9,213.9,205.0,206.15,436
2024-11-25 00:00:00+05:30,212.0,212.0,212.0,212.0,3
2024-11-26 00:00:00+05:30,216.25,216.25,207.0,207.0,139
2024-11-27 00:00:00+05:30,214.3,214.4,214.3,214.35,2
2024-11-28 00:00:00+05:30,214.35,214.9,205.05,214.4,473
2024-11-29 00:00:00+05:30,214.0,217.0,213.45,215.8,1284
2024-12-02 00:00:00+05:30,210.0,215.0,206.6,214.0,431
2024-12-03 00:00:00+05:30,215.0,215.0,209.6,211.4,33
2024-12-04 00:00:00+05:30,213.0,213.0,207.0,209.0,1484
2024-12-05 00:00:00+05:30,218.95,227.8,210.9,214.1,3977
2024-12-06 00:00:00+05:30,218.0,223.7,217.85,217.9,2080
2024-12-09 00:00:00+05:30,222.95,222.95,216.95,222.85,1337
2024-12-10 00:00:00+05:30,222.85,225.75,213.75,224.5,187
2024-12-11 00:00:00+05:30,224.5,224.5,216.35,216.35,748
2024-12-12 00:00:00+05:30,212.05,224.15,212.05,214.2,937
2024-12-13 00:00:00+05:30,211.65,220.0,208.0,211.65,1391
2024-12-16 00:00:00+05:30,218.0,222.9,218.0,220.6,381
2024-12-17 00:00:00+05:30,217.1,220.0,214.6,216.35,2051
2024-12-18 00:00:00+05:30,223.7,223.7,216.5,217.0,1482
2024-12-19 00:00:00+05:30,222.8,222.8,214.05,217.4,1042
2024-12-20 00:00:00+05:30,215.0,215.0,212.1,213.0,144
2024-12-23 00:00:00+05:30,220.0,220.0,213.0,217.5,640
2024-12-24 00:00:00+05:30,220.6,220.7,206.7,211.0,1452
2024-12-26 00:00:00+05:30,206.75,219.85,206.75,219.0,262
2024-12-27 00:00:00+05:30,207.15,217.0,207.15,215.0,132
2024-12-30 00:00:00+05:30,215.0,215.0,207.0,210.2,1555
2024-12-31 00:00:00+05:30,218.0,218.0,208.0,208.0,345
2025-01-01 00:00:00+05:30,223.95,223.95,207.0,207.75,1090
2025-01-02 00:00:00+05:30,218.45,218.45,207.0,207.3,351
2025-01-03 00:00:00+05:30,215.9,215.9,207.85,210.0,1119
2025-01-06 00:00:00+05:30,219.95,219.95,192.6,196.9,1148
2025-01-07 00:00:00+05:30,202.0,204.8,202.0,202.0,150
2025-01-08 00:00:00+05:30,201.0,208.95,199.0,208.65,1914
2025-01-09 00:00:00+05:30,213.75,213.75,198.0,207.3,1125
2025-01-10 00:00:00+05:30,211.15,211.15,209.85,209.85,1102
2025-01-13 00:00:00+05:30,200.1,200.5,200.1,200.5,99
2025-01-14 00:00:00+05:30,200.0,209.7,200.0,209.7,60
2025-01-15 00:00:00+05:30,209.7,209.7,202.75,202.95,77
2025-01-16 00:00:00+05:30,203.1,210.0,203.1,205.55,130
2025-01-20 00:00:00+05:30,205.0,212.0,202.0,203.0,281
2025-01-21 00:00:00+05:30,205.0,211.3,200.0,211.3,342
2025-01-23 00:00:00+05:30,212.9,212.9,211.85,211.85,4
2025-01-27 00:00:00+05:30,191.0,203.3,185.0,195.25,1368
2025-01-28 00:00:00+05:30,196.1,217.5,194.0,214.35,3124
2025-01-29 00:00:00+05:30,210.0,210.0,191.0,196.85,213
2025-01-30 00:00:00+05:30,212.95,212.95,211.95,211.95,1565
2025-02-03 00:00:00+05:30,205.5,205.5,205.0,205.0,514
2025-02-04 00:00:00+05:30,210.1,210.95,205.0,205.0,450
2025-02-05 00:00:00+05:30,205.0,206.0,205.0,205.05,40
2025-02-06 00:00:00+05:30,205.05,210.0,205.05,209.35,1691
2025-02-07 00:00:00+05:30,206.0,208.05,206.0,206.0,207
2025-02-10 00:00:00+05:30,210.15,210.15,205.0,206.1,455
2025-02-11 00:00:00+05:30,205.9,206.1,205.9,206.0,2
2025-02-12 00:00:00+05:30,206.0,206.0,206.0,206.0,197
2025-02-13 00:00:00+05:30,211.95,212.0,200.0,201.7,1687
2025-02-14 00:00:00+05:30,200.05,200.05,200.0,200.0,524
2025-02-17 00:00:00+05:30,182.0,192.0,182.0,187.1,988
2025-02-18 00:00:00+05:30,188.0,206.7,188.0,188.0,857
2025-02-20 00:00:00+05:30,207.9,207.9,187.95,188.0,742
2025-02-21 00:00:00+05:30,208.9,208.9,193.15,200.0,338
2025-02-24 00:00:00+05:30,199.3,199.3,196.0,196.15,460
2025-02-27 00:00:00+05:30,198.0,202.2,198.0,201.95,200
2025-03-03 00:00:00+05:30,195.0,195.0,190.0,190.3,484
2025-03-04 00:00:00+05:30,190.5,190.55,190.5,190.55,200
2025-03-05 00:00:00+05:30,180.0,192.0,180.0,192.0,7
2025-03-06 00:00:00+05:30,200.0,200.0,190.5,191.0,1992
2025-03-07 00:00:00+05:30,195.0,196.65,195.0,196.65,555
2025-03-10 00:00:00+05:30,195.0,195.0,192.4,192.4,25
2025-03-11 00:00:00+05:30,199.9,199.9,190.1,190.1,1173
2025-03-12 00:00:00+05:30,191.0,195.0,190.2,192.05,3461
2025-03-13 00:00:00+05:30,203.9,203.9,203.9,203.9,3
2025-03-19 00:00:00+05:30,192.0,192.0,188.4,189.5,20
2025-03-20 00:00:00+05:30,191.05,201.0,180.0,201.0,797
2025-03-21 00:00:00+05:30,199.0,219.85,199.0,219.85,1005
2025-03-24 00:00:00+05:30,201.05,205.0,195.0,203.0,1799
2025-03-25 00:00:00+05:30,203.0,203.0,202.0,202.0,117
2025-03-26 00:00:00+05:30,200.0,200.0,195.0,195.0,186
2025-03-27 00:00:00+05:30,195.0,195.0,183.0,190.0,201
2025-03-28 00:00:00+05:30,185.0,192.0,185.0,190.25,490
2025-04-01 00:00:00+05:30,190.1,190.1,190.0,190.0,383
2025-04-02 00:00:00+05:30,195.0,195.0,190.0,192.0,218
2025-04-03 00:00:00+05:30,200.7,200.7,193.0,198.0,218
2025-04-04 00:00:00+05:30,198.0,198.0,198.0,198.0,2
2025-04-07 00:00:00+05:30,194.95,195.0,194.95,195.0,707
2025-04-08 00:00:00+05:30,194.95,195.0,185.0,189.05,1187
2025-04-09 00:00:00+05:30,192.0,201.95,192.0,201.95,21
2025-04-11 00:00:00+05:30,186.0,199.8,180.0,195.95,976
2025-04-15 00:00:00+05:30,195.95,204.6,195.95,195.95,75
2025-04-16 00:00:00+05:30,195.95,202.5,186.0,188.9,2540
2025-04-17 00:00:00+05:30,191.0,199.9,191.0,195.0,707
2025-04-21 00:00:00+05:30,202.8,202.8,202.8,202.8,1
2025-04-22 00:00:00+05:30,190.5,198.85,190.0,191.1,349
2025-04-23 00:00:00+05:30,195.0,199.85,188.8,194.8,323
2025-04-24 00:00:00+05:30,193.0,193.0,188.8,190.1,785
2025-04-25 00:00:00+05:30,190.1,197.9,190.1,190.55,130
2025-04-28 00:00:00+05:30,191.0,191.05,191.0,191.05,63
2025-04-29 00:00:00+05:30,192.25,192.25,192.25,192.25,50
2025-04-30 00:00:00+05:30,186.5,189.0,180.0,188.75,1503
2025-05-02 00:00:00+05:30,185.0,193.0,185.0,192.0,259
2025-05-06 00:00:00+05:30,185.0,188.35,180.15,182.45,2492
2025-05-07 00:00:00+05:30,185.0,185.0,181.15,182.85,167
2025-05-08 00:00:00+05:30,182.85,183.15,182.0,182.85,508
2025-05-09 00:00:00+05:30,182.85,191.75,180.55,183.75,604
2025-05-12 00:00:00+05:30,185.0,193.9,185.0,192.95,426
2025-05-13 00:00:00+05:30,193.95,196.0,190.0,190.55,431
2025-05-14 00:00:00+05:30,186.75,190.0,186.75,187.15,135
2025-05-15 00:00:00+05:30,187.2,195.0,187.2,195.0,166
2025-05-16 00:00:00+05:30,190.1,190.1,190.1,190.1,20
2025-05-19 00:00:00+05:30,190.0,195.0,190.0,195.0,943
2025-05-20 00:00:00+05:30,192.0,195.1,191.05,195.1,496
2025-05-21 00:00:00+05:30,197.0,197.0,191.0,191.9,168
2025-05-22 00:00:00+05:30,191.9,194.95,190.0,194.65,990
2025-05-23 00:00:00+05:30,194.65,194.65,185.0,186.6,681
2025-05-26 00:00:00+05:30,190.25,196.6,190.25,194.85,504
2025-05-27 00:00:00+05:30,194.5,194.5,186.0,186.7,1110
2025-05-28 00:00:00+05:30,188.0,188.15,180.0,183.25,452
2025-05-29 00:00:00+05:30,183.25,191.8,183.25,191.15,58
2025-05-30 00:00:00+05:30,197.0,202.0,193.45,194.0,10760
2025-06-02 00:00:00+05:30,195.0,200.0,190.0,197.1,2883
2025-06-03 00:00:00+05:30,197.0,205.0,197.0,200.0,625
2025-06-04 00:00:00+05:30,200.0,207.85,200.0,205.0,598
2025-06-06 00:00:00+05:30,194.0,194.0,194.0,194.0,17
2025-06-09 00:00:00+05:30,193.0,221.55,192.0,214.8,4300
2025-06-10 00:00:00+05:30,222.0,222.0,200.0,204.75,703
2025-06-11 00:00:00+05:30,202.0,215.0,196.4,205.4,4204
2025-06-12 00:00:00+05:30,205.5,213.6,198.05,201.4,2732
2025-06-13 00:00:00+05:30,209.5,209.5,197.3,198.25,177
2025-06-16 00:00:00+05:30,198.25,206.0,192.35,204.35,932
2025-06-17 00:00:00+05:30,206.0,206.0,195.0,197.9,1023
2025-06-18 00:00:00+05:30,197.9,205.75,196.0,196.05,1891
2025-06-19 00:00:00+05:30,198.0,198.0,194.05,195.05,22
2025-06-20 00:00:00+05:30,197.0,197.5,188.1,196.4,73
2025-06-23 00:00:00+05:30,204.0,209.95,204.0,207.85,514
2025-06-24 00:00:00+05:30,200.0,200.0,199.0,199.9,822
2025-06-25 00:00:00+05:30,195.65,199.9,193.15,194.95,2353
2025-06-26 00:00:00+05:30,190.0,195.65,190.0,191.35,20
2025-06-27 00:00:00+05:30,193.0,193.95,193.0,193.95,17
2025-06-30 00:00:00+05:30,190.15,199.0,190.15,194.0,20
2025-07-01 00:00:00+05:30,199.0,199.9,195.1,197.55,1099
2025-07-02 00:00:00+05:30,194.6,197.0,191.8,192.0,152
2025-07-03 00:00:00+05:30,192.0,192.0,192.0,192.0,1
2025-07-04 00:00:00+05:30,201.5,204.0,192.2,195.2,1805
2025-07-07 00:00:00+05:30,203.9,211.35,199.0,207.45,1965
2025-07-08 00:00:00+05:30,207.05,207.05,195.25,197.0,571
2025-07-09 00:00:00+05:30,197.0,204.95,195.55,195.8,1267
2025-07-10 00:00:00+05:30,198.5,209.0,198.1,198.1,848
2025-07-11 00:00:00+05:30,198.1,206.9,196.05,200.25,871
2025-07-14 00:00:00+05:30,202.0,202.0,195.3,196.85,2098
2025-07-15 00:00:00+05:30,200.0,200.0,200.0,200.0,191
2025-07-16 00:00:00+05:30,199.9,202.0,199.9,201.0,2310
2025-07-17 00:00:00+05:30,201.5,201.5,196.35,198.0,1165
2025-07-18 00:00:00+05:30,201.0,201.0,197.1,197.3,683
2025-07-21 00:00:00+05:30,207.5,207.5,203.0,203.0,26
2025-07-22 00:00:00+05:30,192.0,200.9,192.0,200.55,615
2025-07-23 00:00:00+05:30,195.05,201.0,195.05,200.9,1079
2025-07-24 00:00:00+05:30,195.15,203.0,185.35,194.9,451
2025-07-25 00:00:00+05:30,194.9,204.7,194.1,200.0,3838
2025-07-28 00:00:00+05:30,194.5,202.5,194.25,196.1,155
2025-07-29 00:00:00+05:30,208.45,208.45,196.1,206.15,22
2025-07-30 00:00:00+05:30,196.0,201.0,193.0,197.3,652
2025-08-01 00:00:00+05:30,197.3,205.7,197.3,205.65,257
2025-08-04 00:00:00+05:30,210.0,210.0,195.6,202.85,398
2025-08-05 00:00:00+05:30,200.0,206.3,200.0,201.1,2543
2025-08-06 00:00:00+05:30,200.0,201.1,200.0,201.1,60
2025-08-07 00:00:00+05:30,197.0,197.0,196.1,196.1,533
2025-08-08 00:00:00+05:30,200.0,200.0,200.0,200.0,348
2025-08-11 00:00:00+05:30,200.0,219.9,198.0,210.75,1223
2025-08-12 00:00:00+05:30,214.0,215.0,201.1,211.25,485
2025-08-13 00:00:00+05:30,210.2,215.0,210.0,213.5,1656
2025-08-14 00:00:00+05:30,205.0,249.9,205.0,243.25,20980
2025-08-18 00:00:00+05:30,254.9,254.9,224.8,227.75,12391
2025-08-19 00:00:00+05:30,216.15,244.8,216.15,238.8,4108
2025-08-20 00:00:00+05:30,245.95,245.95,216.0,220.15,8732
2025-08-21 00:00:00+05:30,220.15,234.95,220.15,228.5,1484
2025-08-22 00:00:00+05:30,229.0,241.95,223.15,237.2,1475
2025-08-25 00:00:00+05:30,249.5,249.5,236.0,238.7,6966
2025-08-26 00:00:00+05:30,244.15,244.5,232.65,233.9,2064
2025-08-28 00:00:00+05:30,237.55,240.5,228.0,235.25,1979
2025-08-29 00:00:00+05:30,232.85,237.9,229.0,229.85,2902
2025-09-01 00:00:00+05:30,241.55,241.55,230.0,231.35,2292
2025-09-02 00:00:00+05:30,232.5,239.5,225.05,226.35,1487
2025-09-03 00:00:00+05:30,229.9,232.0,225.7,230.45,4274
2025-09-04 00:00:00+05:30,230.0,239.8,230.0,237.4,1808
2025-09-05 00:00:00+05:30,237.4,249.0,237.4,238.35,3277
2025-09-08 00:00:00+05:30,249.5,249.5,238.35,241.1,3370
2025-09-09 00:00:00+05:30,246.95,246.95,236.8,241.1,1177
2025-09-10 00:00:00+05:30,244.7,244.8,237.75,238.85,2237
2025-09-11 00:00:00+05:30,246.25,246.25,235.1,240.7,2799
2025-09-12 00:00:00+05:30,245.5,245.5,240.4,241.3,2894
2025-09-15 00:00:00+05:30,241.3,241.85,236.65,237.0,1019
2025-09-16 00:00:00+05:30,241.25,246.0,239.05,242.15,2177
2025-09-17 00:00:00+05:30,241.25,248.5,241.0,241.05,1063
2025-09-18 00:00:00+05:30,247.9,247.9,232.15,245.2,1440
2025-09-19 00:00:00+05:30,228.1,243.9,228.1,240.0,2804
